frame.protocols,tcp.srcport,tcp.dstport,udp.srcport,udp.dstport,icmp.type,icmp.code,tls.record.version,tls.record.content_type,tls.handshake,tls.handshake.type,dns.flags,http.request.method,http.response.code,num_0_0,timesum_0_0,ip.flags.df_0_0,ip.flags.mf_0_0,tcp.flags.ack_0_0,tcp.flags.urg_0_0,tcp.flags.push_0_0,tcp.flags.reset_0_0,tcp.flags.syn_0_0,tcp.flags.fin_0_0,frame.len_max_0_0,frame.len_min_0_0,frame.len_mean_0_0,frame.len_std_0_0,timedelta_max_0_0,timedelta_min_0_0,timedelta_mean_0_0,timedelta_std_0_0,ip.frag_offset_max_0_0,ip.frag_offset_min_0_0,ip.frag_offset_mean_0_0,ip.frag_offset_std_0_0,ip.ttl_max_0_0,ip.ttl_min_0_0,ip.ttl_mean_0_0,ip.ttl_std_0_0,tcp.window_size_max_0_0,tcp.window_size_min_0_0,tcp.window_size_mean_0_0,tcp.window_size_std_0_0,tcp.window_size_scalefactor_max_0_0,tcp.window_size_scalefactor_min_0_0,tcp.window_size_scalefactor_mean_0_0,tcp.window_size_scalefactor_std_0_0,tcp.window_size_value_max_0_0,tcp.window_size_value_min_0_0,tcp.window_size_value_mean_0_0,tcp.window_size_value_std_0_0,dns.count.queries_max_0_0,dns.count.queries_min_0_0,dns.count.queries_mean_0_0,dns.count.queries_std_0_0,num_0_1,timesum_0_1,ip.flags.df_0_1,ip.flags.mf_0_1,tcp.flags.ack_0_1,tcp.flags.urg_0_1,tcp.flags.push_0_1,tcp.flags.reset_0_1,tcp.flags.syn_0_1,tcp.flags.fin_0_1,frame.len_max_0_1,frame.len_min_0_1,frame.len_mean_0_1,frame.len_std_0_1,timedelta_max_0_1,timedelta_min_0_1,timedelta_mean_0_1,timedelta_std_0_1,ip.frag_offset_max_0_1,ip.frag_offset_min_0_1,ip.frag_offset_mean_0_1,ip.frag_offset_std_0_1,ip.ttl_max_0_1,ip.ttl_min_0_1,ip.ttl_mean_0_1,ip.ttl_std_0_1,tcp.window_size_max_0_1,tcp.window_size_min_0_1,tcp.window_size_mean_0_1,tcp.window_size_std_0_1,tcp.window_size_scalefactor_max_0_1,tcp.window_size_scalefactor_min_0_1,tcp.window_size_scalefactor_mean_0_1,tcp.window_size_scalefactor_std_0_1,tcp.window_size_value_max_0_1,tcp.window_size_value_min_0_1,tcp.window_size_value_mean_0_1,tcp.window_size_value_std_0_1,dns.count.queries_max_0_1,dns.count.queries_min_0_1,dns.count.queries_mean_0_1,dns.count.queries_std_0_1,num_0_2,timesum_0_2,ip.flags.df_0_2,ip.flags.mf_0_2,tcp.flags.ack_0_2,tcp.flags.urg_0_2,tcp.flags.push_0_2,tcp.flags.reset_0_2,tcp.flags.syn_0_2,tcp.flags.fin_0_2,frame.len_max_0_2,frame.len_min_0_2,frame.len_mean_0_2,frame.len_std_0_2,timedelta_max_0_2,timedelta_min_0_2,timedelta_mean_0_2,timedelta_std_0_2,ip.frag_offset_max_0_2,ip.frag_offset_min_0_2,ip.frag_offset_mean_0_2,ip.frag_offset_std_0_2,ip.ttl_max_0_2,ip.ttl_min_0_2,ip.ttl_mean_0_2,ip.ttl_std_0_2,tcp.window_size_max_0_2,tcp.window_size_min_0_2,tcp.window_size_mean_0_2,tcp.window_size_std_0_2,tcp.window_size_scalefactor_max_0_2,tcp.window_size_scalefactor_min_0_2,tcp.window_size_scalefactor_mean_0_2,tcp.window_size_scalefactor_std_0_2,tcp.window_size_value_max_0_2,tcp.window_size_value_min_0_2,tcp.window_size_value_mean_0_2,tcp.window_size_value_std_0_2,dns.count.queries_max_0_2,dns.count.queries_min_0_2,dns.count.queries_mean_0_2,dns.count.queries_std_0_2,num_1_0,timesum_1_0,ip.flags.df_1_0,ip.flags.mf_1_0,tcp.flags.ack_1_0,tcp.flags.urg_1_0,tcp.flags.push_1_0,tcp.flags.reset_1_0,tcp.flags.syn_1_0,tcp.flags.fin_1_0,frame.len_max_1_0,frame.len_min_1_0,frame.len_mean_1_0,frame.len_std_1_0,timedelta_max_1_0,timedelta_min_1_0,timedelta_mean_1_0,timedelta_std_1_0,ip.frag_offset_max_1_0,ip.frag_offset_min_1_0,ip.frag_offset_mean_1_0,ip.frag_offset_std_1_0,ip.ttl_max_1_0,ip.ttl_min_1_0,ip.ttl_mean_1_0,ip.ttl_std_1_0,tcp.window_size_max_1_0,tcp.window_size_min_1_0,tcp.window_size_mean_1_0,tcp.window_size_std_1_0,tcp.window_size_scalefactor_max_1_0,tcp.window_size_scalefactor_min_1_0,tcp.window_size_scalefactor_mean_1_0,tcp.window_size_scalefactor_std_1_0,tcp.window_size_value_max_1_0,tcp.window_size_value_min_1_0,tcp.window_size_value_mean_1_0,tcp.window_size_value_std_1_0,dns.count.queries_max_1_0,dns.count.queries_min_1_0,dns.count.queries_mean_1_0,dns.count.queries_std_1_0,num_1_1,timesum_1_1,ip.flags.df_1_1,ip.flags.mf_1_1,tcp.flags.ack_1_1,tcp.flags.urg_1_1,tcp.flags.push_1_1,tcp.flags.reset_1_1,tcp.flags.syn_1_1,tcp.flags.fin_1_1,frame.len_max_1_1,frame.len_min_1_1,frame.len_mean_1_1,frame.len_std_1_1,timedelta_max_1_1,timedelta_min_1_1,timedelta_mean_1_1,timedelta_std_1_1,ip.frag_offset_max_1_1,ip.frag_offset_min_1_1,ip.frag_offset_mean_1_1,ip.frag_offset_std_1_1,ip.ttl_max_1_1,ip.ttl_min_1_1,ip.ttl_mean_1_1,ip.ttl_std_1_1,tcp.window_size_max_1_1,tcp.window_size_min_1_1,tcp.window_size_mean_1_1,tcp.window_size_std_1_1,tcp.window_size_scalefactor_max_1_1,tcp.window_size_scalefactor_min_1_1,tcp.window_size_scalefactor_mean_1_1,tcp.window_size_scalefactor_std_1_1,tcp.window_size_value_max_1_1,tcp.window_size_value_min_1_1,tcp.window_size_value_mean_1_1,tcp.window_size_value_std_1_1,dns.count.queries_max_1_1,dns.count.queries_min_1_1,dns.count.queries_mean_1_1,dns.count.queries_std_1_1,num_1_2,timesum_1_2,ip.flags.df_1_2,ip.flags.mf_1_2,tcp.flags.ack_1_2,tcp.flags.urg_1_2,tcp.flags.push_1_2,tcp.flags.reset_1_2,tcp.flags.syn_1_2,tcp.flags.fin_1_2,frame.len_max_1_2,frame.len_min_1_2,frame.len_mean_1_2,frame.len_std_1_2,timedelta_max_1_2,timedelta_min_1_2,timedelta_mean_1_2,timedelta_std_1_2,ip.frag_offset_max_1_2,ip.frag_offset_min_1_2,ip.frag_offset_mean_1_2,ip.frag_offset_std_1_2,ip.ttl_max_1_2,ip.ttl_min_1_2,ip.ttl_mean_1_2,ip.ttl_std_1_2,tcp.window_size_max_1_2,tcp.window_size_min_1_2,tcp.window_size_mean_1_2,tcp.window_size_std_1_2,tcp.window_size_scalefactor_max_1_2,tcp.window_size_scalefactor_min_1_2,tcp.window_size_scalefactor_mean_1_2,tcp.window_size_scalefactor_std_1_2,tcp.window_size_value_max_1_2,tcp.window_size_value_min_1_2,tcp.window_size_value_mean_1_2,tcp.window_size_value_std_1_2,dns.count.queries_max_1_2,dns.count.queries_min_1_2,dns.count.queries_mean_1_2,dns.count.queries_std_1_2,num_2_0,timesum_2_0,ip.flags.df_2_0,ip.flags.mf_2_0,tcp.flags.ack_2_0,tcp.flags.urg_2_0,tcp.flags.push_2_0,tcp.flags.reset_2_0,tcp.flags.syn_2_0,tcp.flags.fin_2_0,frame.len_max_2_0,frame.len_min_2_0,frame.len_mean_2_0,frame.len_std_2_0,timedelta_max_2_0,timedelta_min_2_0,timedelta_mean_2_0,timedelta_std_2_0,ip.frag_offset_max_2_0,ip.frag_offset_min_2_0,ip.frag_offset_mean_2_0,ip.frag_offset_std_2_0,ip.ttl_max_2_0,ip.ttl_min_2_0,ip.ttl_mean_2_0,ip.ttl_std_2_0,tcp.window_size_max_2_0,tcp.window_size_min_2_0,tcp.window_size_mean_2_0,tcp.window_size_std_2_0,tcp.window_size_scalefactor_max_2_0,tcp.window_size_scalefactor_min_2_0,tcp.window_size_scalefactor_mean_2_0,tcp.window_size_scalefactor_std_2_0,tcp.window_size_value_max_2_0,tcp.window_size_value_min_2_0,tcp.window_size_value_mean_2_0,tcp.window_size_value_std_2_0,dns.count.queries_max_2_0,dns.count.queries_min_2_0,dns.count.queries_mean_2_0,dns.count.queries_std_2_0,num_2_1,timesum_2_1,ip.flags.df_2_1,ip.flags.mf_2_1,tcp.flags.ack_2_1,tcp.flags.urg_2_1,tcp.flags.push_2_1,tcp.flags.reset_2_1,tcp.flags.syn_2_1,tcp.flags.fin_2_1,frame.len_max_2_1,frame.len_min_2_1,frame.len_mean_2_1,frame.len_std_2_1,timedelta_max_2_1,timedelta_min_2_1,timedelta_mean_2_1,timedelta_std_2_1,ip.frag_offset_max_2_1,ip.frag_offset_min_2_1,ip.frag_offset_mean_2_1,ip.frag_offset_std_2_1,ip.ttl_max_2_1,ip.ttl_min_2_1,ip.ttl_mean_2_1,ip.ttl_std_2_1,tcp.window_size_max_2_1,tcp.window_size_min_2_1,tcp.window_size_mean_2_1,tcp.window_size_std_2_1,tcp.window_size_scalefactor_max_2_1,tcp.window_size_scalefactor_min_2_1,tcp.window_size_scalefactor_mean_2_1,tcp.window_size_scalefactor_std_2_1,tcp.window_size_value_max_2_1,tcp.window_size_value_min_2_1,tcp.window_size_value_mean_2_1,tcp.window_size_value_std_2_1,dns.count.queries_max_2_1,dns.count.queries_min_2_1,dns.count.queries_mean_2_1,dns.count.queries_std_2_1,num_2_2,timesum_2_2,ip.flags.df_2_2,ip.flags.mf_2_2,tcp.flags.ack_2_2,tcp.flags.urg_2_2,tcp.flags.push_2_2,tcp.flags.reset_2_2,tcp.flags.syn_2_2,tcp.flags.fin_2_2,frame.len_max_2_2,frame.len_min_2_2,frame.len_mean_2_2,frame.len_std_2_2,timedelta_max_2_2,timedelta_min_2_2,timedelta_mean_2_2,timedelta_std_2_2,ip.frag_offset_max_2_2,ip.frag_offset_min_2_2,ip.frag_offset_mean_2_2,ip.frag_offset_std_2_2,ip.ttl_max_2_2,ip.ttl_min_2_2,ip.ttl_mean_2_2,ip.ttl_std_2_2,tcp.window_size_max_2_2,tcp.window_size_min_2_2,tcp.window_size_mean_2_2,tcp.window_size_std_2_2,tcp.window_size_scalefactor_max_2_2,tcp.window_size_scalefactor_min_2_2,tcp.window_size_scalefactor_mean_2_2,tcp.window_size_scalefactor_std_2_2,tcp.window_size_value_max_2_2,tcp.window_size_value_min_2_2,tcp.window_size_value_mean_2_2,tcp.window_size_value_std_2_2,dns.count.queries_max_2_2,dns.count.queries_min_2_2,dns.count.queries_mean_2_2,dns.count.queries_std_2_2,num_3_0,timesum_3_0,ip.flags.df_3_0,ip.flags.mf_3_0,tcp.flags.ack_3_0,tcp.flags.urg_3_0,tcp.flags.push_3_0,tcp.flags.reset_3_0,tcp.flags.syn_3_0,tcp.flags.fin_3_0,frame.len_max_3_0,frame.len_min_3_0,frame.len_mean_3_0,frame.len_std_3_0,timedelta_max_3_0,timedelta_min_3_0,timedelta_mean_3_0,timedelta_std_3_0,ip.frag_offset_max_3_0,ip.frag_offset_min_3_0,ip.frag_offset_mean_3_0,ip.frag_offset_std_3_0,ip.ttl_max_3_0,ip.ttl_min_3_0,ip.ttl_mean_3_0,ip.ttl_std_3_0,tcp.window_size_max_3_0,tcp.window_size_min_3_0,tcp.window_size_mean_3_0,tcp.window_size_std_3_0,tcp.window_size_scalefactor_max_3_0,tcp.window_size_scalefactor_min_3_0,tcp.window_size_scalefactor_mean_3_0,tcp.window_size_scalefactor_std_3_0,tcp.window_size_value_max_3_0,tcp.window_size_value_min_3_0,tcp.window_size_value_mean_3_0,tcp.window_size_value_std_3_0,dns.count.queries_max_3_0,dns.count.queries_min_3_0,dns.count.queries_mean_3_0,dns.count.queries_std_3_0,num_3_1,timesum_3_1,ip.flags.df_3_1,ip.flags.mf_3_1,tcp.flags.ack_3_1,tcp.flags.urg_3_1,tcp.flags.push_3_1,tcp.flags.reset_3_1,tcp.flags.syn_3_1,tcp.flags.fin_3_1,frame.len_max_3_1,frame.len_min_3_1,frame.len_mean_3_1,frame.len_std_3_1,timedelta_max_3_1,timedelta_min_3_1,timedelta_mean_3_1,timedelta_std_3_1,ip.frag_offset_max_3_1,ip.frag_offset_min_3_1,ip.frag_offset_mean_3_1,ip.frag_offset_std_3_1,ip.ttl_max_3_1,ip.ttl_min_3_1,ip.ttl_mean_3_1,ip.ttl_std_3_1,tcp.window_size_max_3_1,tcp.window_size_min_3_1,tcp.window_size_mean_3_1,tcp.window_size_std_3_1,tcp.window_size_scalefactor_max_3_1,tcp.window_size_scalefactor_min_3_1,tcp.window_size_scalefactor_mean_3_1,tcp.window_size_scalefactor_std_3_1,tcp.window_size_value_max_3_1,tcp.window_size_value_min_3_1,tcp.window_size_value_mean_3_1,tcp.window_size_value_std_3_1,dns.count.queries_max_3_1,dns.count.queries_min_3_1,dns.count.queries_mean_3_1,dns.count.queries_std_3_1,num_3_2,timesum_3_2,ip.flags.df_3_2,ip.flags.mf_3_2,tcp.flags.ack_3_2,tcp.flags.urg_3_2,tcp.flags.push_3_2,tcp.flags.reset_3_2,tcp.flags.syn_3_2,tcp.flags.fin_3_2,frame.len_max_3_2,frame.len_min_3_2,frame.len_mean_3_2,frame.len_std_3_2,timedelta_max_3_2,timedelta_min_3_2,timedelta_mean_3_2,timedelta_std_3_2,ip.frag_offset_max_3_2,ip.frag_offset_min_3_2,ip.frag_offset_mean_3_2,ip.frag_offset_std_3_2,ip.ttl_max_3_2,ip.ttl_min_3_2,ip.ttl_mean_3_2,ip.ttl_std_3_2,tcp.window_size_max_3_2,tcp.window_size_min_3_2,tcp.window_size_mean_3_2,tcp.window_size_std_3_2,tcp.window_size_scalefactor_max_3_2,tcp.window_size_scalefactor_min_3_2,tcp.window_size_scalefactor_mean_3_2,tcp.window_size_scalefactor_std_3_2,tcp.window_size_value_max_3_2,tcp.window_size_value_min_3_2,tcp.window_size_value_mean_3_2,tcp.window_size_value_std_3_2,dns.count.queries_max_3_2,dns.count.queries_min_3_2,dns.count.queries_mean_3_2,dns.count.queries_std_3_2,num_4_0,timesum_4_0,ip.flags.df_4_0,ip.flags.mf_4_0,tcp.flags.ack_4_0,tcp.flags.urg_4_0,tcp.flags.push_4_0,tcp.flags.reset_4_0,tcp.flags.syn_4_0,tcp.flags.fin_4_0,frame.len_max_4_0,frame.len_min_4_0,frame.len_mean_4_0,frame.len_std_4_0,timedelta_max_4_0,timedelta_min_4_0,timedelta_mean_4_0,timedelta_std_4_0,ip.frag_offset_max_4_0,ip.frag_offset_min_4_0,ip.frag_offset_mean_4_0,ip.frag_offset_std_4_0,ip.ttl_max_4_0,ip.ttl_min_4_0,ip.ttl_mean_4_0,ip.ttl_std_4_0,tcp.window_size_max_4_0,tcp.window_size_min_4_0,tcp.window_size_mean_4_0,tcp.window_size_std_4_0,tcp.window_size_scalefactor_max_4_0,tcp.window_size_scalefactor_min_4_0,tcp.window_size_scalefactor_mean_4_0,tcp.window_size_scalefactor_std_4_0,tcp.window_size_value_max_4_0,tcp.window_size_value_min_4_0,tcp.window_size_value_mean_4_0,tcp.window_size_value_std_4_0,dns.count.queries_max_4_0,dns.count.queries_min_4_0,dns.count.queries_mean_4_0,dns.count.queries_std_4_0,num_4_1,timesum_4_1,ip.flags.df_4_1,ip.flags.mf_4_1,tcp.flags.ack_4_1,tcp.flags.urg_4_1,tcp.flags.push_4_1,tcp.flags.reset_4_1,tcp.flags.syn_4_1,tcp.flags.fin_4_1,frame.len_max_4_1,frame.len_min_4_1,frame.len_mean_4_1,frame.len_std_4_1,timedelta_max_4_1,timedelta_min_4_1,timedelta_mean_4_1,timedelta_std_4_1,ip.frag_offset_max_4_1,ip.frag_offset_min_4_1,ip.frag_offset_mean_4_1,ip.frag_offset_std_4_1,ip.ttl_max_4_1,ip.ttl_min_4_1,ip.ttl_mean_4_1,ip.ttl_std_4_1,tcp.window_size_max_4_1,tcp.window_size_min_4_1,tcp.window_size_mean_4_1,tcp.window_size_std_4_1,tcp.window_size_scalefactor_max_4_1,tcp.window_size_scalefactor_min_4_1,tcp.window_size_scalefactor_mean_4_1,tcp.window_size_scalefactor_std_4_1,tcp.window_size_value_max_4_1,tcp.window_size_value_min_4_1,tcp.window_size_value_mean_4_1,tcp.window_size_value_std_4_1,dns.count.queries_max_4_1,dns.count.queries_min_4_1,dns.count.queries_mean_4_1,dns.count.queries_std_4_1,num_4_2,timesum_4_2,ip.flags.df_4_2,ip.flags.mf_4_2,tcp.flags.ack_4_2,tcp.flags.urg_4_2,tcp.flags.push_4_2,tcp.flags.reset_4_2,tcp.flags.syn_4_2,tcp.flags.fin_4_2,frame.len_max_4_2,frame.len_min_4_2,frame.len_mean_4_2,frame.len_std_4_2,timedelta_max_4_2,timedelta_min_4_2,timedelta_mean_4_2,timedelta_std_4_2,ip.frag_offset_max_4_2,ip.frag_offset_min_4_2,ip.frag_offset_mean_4_2,ip.frag_offset_std_4_2,ip.ttl_max_4_2,ip.ttl_min_4_2,ip.ttl_mean_4_2,ip.ttl_std_4_2,tcp.window_size_max_4_2,tcp.window_size_min_4_2,tcp.window_size_mean_4_2,tcp.window_size_std_4_2,tcp.window_size_scalefactor_max_4_2,tcp.window_size_scalefactor_min_4_2,tcp.window_size_scalefactor_mean_4_2,tcp.window_size_scalefactor_std_4_2,tcp.window_size_value_max_4_2,tcp.window_size_value_min_4_2,tcp.window_size_value_mean_4_2,tcp.window_size_value_std_4_2,dns.count.queries_max_4_2,dns.count.queries_min_4_2,dns.count.queries_mean_4_2,dns.count.queries_std_4_2,num_5_0,timesum_5_0,ip.flags.df_5_0,ip.flags.mf_5_0,tcp.flags.ack_5_0,tcp.flags.urg_5_0,tcp.flags.push_5_0,tcp.flags.reset_5_0,tcp.flags.syn_5_0,tcp.flags.fin_5_0,frame.len_max_5_0,frame.len_min_5_0,frame.len_mean_5_0,frame.len_std_5_0,timedelta_max_5_0,timedelta_min_5_0,timedelta_mean_5_0,timedelta_std_5_0,ip.frag_offset_max_5_0,ip.frag_offset_min_5_0,ip.frag_offset_mean_5_0,ip.frag_offset_std_5_0,ip.ttl_max_5_0,ip.ttl_min_5_0,ip.ttl_mean_5_0,ip.ttl_std_5_0,tcp.window_size_max_5_0,tcp.window_size_min_5_0,tcp.window_size_mean_5_0,tcp.window_size_std_5_0,tcp.window_size_scalefactor_max_5_0,tcp.window_size_scalefactor_min_5_0,tcp.window_size_scalefactor_mean_5_0,tcp.window_size_scalefactor_std_5_0,tcp.window_size_value_max_5_0,tcp.window_size_value_min_5_0,tcp.window_size_value_mean_5_0,tcp.window_size_value_std_5_0,dns.count.queries_max_5_0,dns.count.queries_min_5_0,dns.count.queries_mean_5_0,dns.count.queries_std_5_0,num_5_1,timesum_5_1,ip.flags.df_5_1,ip.flags.mf_5_1,tcp.flags.ack_5_1,tcp.flags.urg_5_1,tcp.flags.push_5_1,tcp.flags.reset_5_1,tcp.flags.syn_5_1,tcp.flags.fin_5_1,frame.len_max_5_1,frame.len_min_5_1,frame.len_mean_5_1,frame.len_std_5_1,timedelta_max_5_1,timedelta_min_5_1,timedelta_mean_5_1,timedelta_std_5_1,ip.frag_offset_max_5_1,ip.frag_offset_min_5_1,ip.frag_offset_mean_5_1,ip.frag_offset_std_5_1,ip.ttl_max_5_1,ip.ttl_min_5_1,ip.ttl_mean_5_1,ip.ttl_std_5_1,tcp.window_size_max_5_1,tcp.window_size_min_5_1,tcp.window_size_mean_5_1,tcp.window_size_std_5_1,tcp.window_size_scalefactor_max_5_1,tcp.window_size_scalefactor_min_5_1,tcp.window_size_scalefactor_mean_5_1,tcp.window_size_scalefactor_std_5_1,tcp.window_size_value_max_5_1,tcp.window_size_value_min_5_1,tcp.window_size_value_mean_5_1,tcp.window_size_value_std_5_1,dns.count.queries_max_5_1,dns.count.queries_min_5_1,dns.count.queries_mean_5_1,dns.count.queries_std_5_1,num_5_2,timesum_5_2,ip.flags.df_5_2,ip.flags.mf_5_2,tcp.flags.ack_5_2,tcp.flags.urg_5_2,tcp.flags.push_5_2,tcp.flags.reset_5_2,tcp.flags.syn_5_2,tcp.flags.fin_5_2,frame.len_max_5_2,frame.len_min_5_2,frame.len_mean_5_2,frame.len_std_5_2,timedelta_max_5_2,timedelta_min_5_2,timedelta_mean_5_2,timedelta_std_5_2,ip.frag_offset_max_5_2,ip.frag_offset_min_5_2,ip.frag_offset_mean_5_2,ip.frag_offset_std_5_2,ip.ttl_max_5_2,ip.ttl_min_5_2,ip.ttl_mean_5_2,ip.ttl_std_5_2,tcp.window_size_max_5_2,tcp.window_size_min_5_2,tcp.window_size_mean_5_2,tcp.window_size_std_5_2,tcp.window_size_scalefactor_max_5_2,tcp.window_size_scalefactor_min_5_2,tcp.window_size_scalefactor_mean_5_2,tcp.window_size_scalefactor_std_5_2,tcp.window_size_value_max_5_2,tcp.window_size_value_min_5_2,tcp.window_size_value_mean_5_2,tcp.window_size_value_std_5_2,dns.count.queries_max_5_2,dns.count.queries_min_5_2,dns.count.queries_mean_5_2,dns.count.queries_std_5_2,label
{0.14285714285714285: 1},{0.24925181701581872: 1},{6.413134098634002e-05: 1},{0.0: 1},{0.0: 1},{0.0: 1},{0.0: 1},{0.0: 1},{0.0: 1},{0.0: 1},{0.0: 1},{0.0: 1},{0.0: 1},{0.0: 1},0.0,9.387092246315848e-05,0.0,0.0,0.0,0.2,0.001404494382022472,0.038461538461538464,0.0,0.0,0.0044014084507042256,0.013157894736842105,0.010416666666666666,0.0,0.0,1.0,0.00018772422308032768,0.0,0.0,0.0,0.0,0.0,0.25099601593625503,0.25099601593625503,0.25099601593625503,0.0,1.5259021896696422e-05,0.007812619211108568,3.0458554429273168e-05,0.0,0.0,0.5,0.00026647166724505473,0.0,0.007812619211108568,0.007812619211108568,0.007812619211108568,0.0,0.0,0.0,0.0,0.0,0.0,8.786424881147205e-05,0.0,0.0,0.0,0.2,0.001404494382022472,0.038461538461538464,0.0,0.0,0.012978142076502731,0.013157894736842105,0.013157894736842105,0.0,0.0,1.0,0.00016059615965930319,0.0,0.0,0.0,0.0,0.0,0.25099601593625503,0.25099601593625503,0.25099601593625503,0.0,1.5259021896696422e-05,0.007812619211108568,3.0458554429273168e-05,0.0,0.0,0.5,0.00026647166724505473,0.0,0.007812619211108568,0.007812619211108568,0.007812619211108568,0.0,0.0,0.0,0.0,0.0,0.0,0.461915139612926,0.0,0.0,0.0,0.0,0.0,0.0,0.0,0.0,0.0,0.0,0.0,0.0,0.0,1.0,0.22474872772791954,0.0,0.0,0.0,0.0,0.0,0.0,0.0,0.0,0.0,0.0,0.0,0.0,0.0,0.015384615384615384,1.0,0.016897081413210446,0.0,0.0,0.0,0.0,0.0,0.0,0.0,0.0,0.0,0.0,0.9981750463168207,0.0,0.0,0.0,1.0,0.004081632653061225,0.038461538461538464,0.0,0.0,0.013157894736842105,0.013157894736842105,0.013157894736842105,0.0,0.0,1.0,0.9981750463168207,0.0,0.0,0.0,0.0,0.0,0.25099601593625503,0.25099601593625503,0.25099601593625503,0.0,1.5259021896696422e-05,0.007812619211108568,3.0458554429273168e-05,0.0,0.0,0.5,0.000600210073525734,0.0,0.007812619211108568,0.007812619211108568,0.007812619211108568,0.0,0.0,0.0,0.0,0.0,0.0,0.9980615559312612,0.0,0.0,0.0,1.0,0.004081632653061225,0.038461538461538464,0.0,0.0,0.013157894736842105,0.013157894736842105,0.013157894736842105,0.0,0.0,1.0,0.9978794453305092,0.0,0.0,0.0,0.0,0.0,0.25099601593625503,0.25099601593625503,0.25099601593625503,0.0,1.5259021896696422e-05,0.007812619211108568,3.0458554429273168e-05,0.0,0.0,0.5,0.000600210073525734,0.0,0.007812619211108568,0.007812619211108568,0.007812619211108568,0.0,0.0,0.0,0.0,0.0,0.0,0.4738701611829634,0.0,0.0,0.0,0.0,0.0,0.0,0.0,0.0,0.0,0.0,0.0,0.0,0.0,1.0,0.05204566388634278,0.0,0.0,0.0,0.0,0.0,0.0,0.0,0.0,0.0,0.0,0.0,0.0,0.0,0.007751937984496123,1.0,0.011583011583011584,0.0,0.0,0.0,0.0,0.0,0.0,0.0,0.0,0.0,0.0,0.3999999282951859,0.0,0.0,0.0,0.0,0.0,0.0,0.0,0.0,0.0,0.0,0.0,0.0,0.0,1.0,0.4181818396771064,0.0,0.0,0.0,0.0,0.0,0.0,0.0,0.0,0.0,0.0,0.0,0.0,0.0,0.0004880429477794046,0.0004880429477794046,0.0004880429477794046,0.0,0.0,0.0,0.0,0.0,0.0,0.0,0.0,0.0,0.0,0.4035873256854088,0.0,0.0,0.0,0.0,0.0,0.0,0.0,0.0,0.0,0.0,0.0,0.0,0.0,1.0,0.3383458500601051,0.0,0.0,0.0,0.0,0.0,0.0,0.0,0.0,0.0,0.0,0.0,0.0,0.0,0.0004880429477794046,0.0004880429477794046,0.0004880429477794046,0.0,0.0,0.0,0.0,0.0,0.0,0.0,0.0,0.0,0.0,0.3972808764581525,0.0,0.0,0.0,0.0,0.0,0.0,0.0,0.0,0.0,0.0,0.0,0.0,0.0,1.0,0.3971742349272318,0.0,0.0,0.0,0.0,0.0,0.0,0.0,0.0,0.0,0.0,0.0,0.0,0.0,0.015384615384615384,0.015384615384615384,0.015384615384615384,0.0,0.0,0.0,0.0,0.0,0.0,0.0,0.0,0.0,0.0,0.4304446397887997,0.0,0.0,0.0,0.0,0.0,0.0,0.0,0.0,0.0,0.0,0.0,0.0,0.0,1.0,0.15933779899868294,0.0,0.0,0.0,0.0,0.0,0.0,0.0,0.0,0.0,0.0,0.0,0.0,0.0,0.0004880429477794046,0.000975609756097561,0.0009460737937559131,0.0,0.0,0.0,0.0,0.0,0.0,0.0,0.0,0.0,0.0,0.12059864882165412,0.0,0.0,0.0,0.0,0.0,0.0,0.0,0.0,0.0,0.0,0.0,0.0,0.0,1.0,0.08573221506369715,0.0,0.0,0.0,0.0,0.0,0.0,0.0,0.0,0.0,0.0,0.0,0.0,0.0,0.0004880429477794046,0.0004880429477794046,0.0004880429477794046,0.0,0.0,0.0,0.0,0.0,0.0,0.0,0.0,0.0,0.0,0.4304446397887997,0.0,0.0,0.0,0.0,0.0,0.0,0.0,0.0,0.0,0.0,0.0,0.0,0.0,1.0,0.15933779899868294,0.0,0.0,0.0,0.0,0.0,0.0,0.0,0.0,0.0,0.0,0.0,0.0,0.0,0.015384615384615384,0.015384615384615384,0.015384615384615384,0.0,0.0,0.0,0.0,0.0,0.0,0.0,0.0,0.0,0.0,0.4388617463312292,0.0,0.0,0.0,0.0,0.0,0.0,0.0,0.0,0.0,0.0,0.0,0.0,0.0,1.0,0.397022757408137,0.0,0.0,0.0,0.0,0.0,0.0,0.0,0.0,0.0,0.0,0.0,0.0,0.0,0.0004880429477794046,0.0004880429477794046,0.0004880429477794046,0.0,0.0,0.0,0.0,0.0,0.0,0.0,0.0,0.0,0.0,0.34804636041693005,0.0,0.0,0.0,0.0,0.0,0.0,0.0,0.0,0.0,0.0,0.0,0.0,0.0,1.0,0.397022757408137,0.0,0.0,0.0,0.0,0.0,0.0,0.0,0.0,0.0,0.0,0.0,0.0,0.0,0.0004880429477794046,0.0004880429477794046,0.0004880429477794046,0.0,0.0,0.0,0.0,0.0,0.0,0.0,0.0,0.0,0.0,0.4388617463312292,0.0,0.0,0.0,0.0,0.0,0.0,0.0,0.0,0.0,0.0,0.0,0.0,0.0,1.0,0.07626584627571265,0.0,0.0,0.0,0.0,0.0,0.0,0.0,0.0,0.0,0.0,0.0,0.0,0.0,0.015384615384615384,0.015384615384615384,0.015384615384615384,0.0,0.0,0.0,0.0,0.0,0.0,0.0,0.0,0.0,0.0,6.875481957860777e-06,0.0,0.0,0.0,0.0,0.0,0.0,0.0,0.0,0.0,0.0,0.0,0.0,0.0,1.0,1.5125369929782916e-05,0.0,0.0,0.0,0.0,0.0,0.0,0.0,0.0,0.0,0.0,0.0,0.0,0.0,0.000975609756097561,0.000975609756097561,0.000975609756097561,0.0,0.0,0.0,0.0,0.0,0.0,0.0,0.0,0.0,0.0,5.253377716004288e-06,0.0,0.0,0.0,0.0,0.0,0.0,0.0,0.0,0.0,0.0,0.0,0.0,0.0,1.0,8.75566785736583e-07,0.0,0.0,0.0,0.0,0.0,0.0,0.0,0.0,0.0,0.0,0.0,0.0,0.0,0.000975609756097561,0.000975609756097561,0.000975609756097561,0.0,0.0,0.0,0.0,0.0,0.0,0.0,0.0,0.0,0.0,0.046126234285451234,0.0,0.0,0.0,0.0,0.0,0.0,0.0,0.0,0.0,0.0,0.0,0.0,0.0,1.0,0.1092216985179306,0.0,0.0,0.0,0.0,0.0,0.0,0.0,0.0,0.0,0.0,0.0,0.0,0.0,0.0,0.0,0.0,0.0,0.0,0.0,0.0,0.0,0.0,0.0,0.0,0.0,79
{0.14285714285714285: 1},{0.25117571611799916: 1},{6.413134098634002e-05: 1},{0.0: 1},{0.0: 1},{0.0: 1},{0.0: 1},{0.0: 1},{0.0: 1},{0.0: 1},{0.0: 1},{0.0: 1},{0.0: 1},{0.0: 1},0.0,9.387092246315848e-05,0.0,0.0,0.0,0.2,0.001404494382022472,0.038461538461538464,0.0,0.0,0.0044014084507042256,0.013157894736842105,0.010416666666666666,0.0,0.0,1.0,0.00018772422308032768,0.0,0.0,0.0,0.0,0.0,0.25099601593625503,0.25099601593625503,0.25099601593625503,0.0,1.5259021896696422e-05,0.007812619211108568,3.0458554429273168e-05,0.0,0.0,0.5,0.00026647166724505473,0.0,0.007812619211108568,0.007812619211108568,0.007812619211108568,0.0,0.0,0.0,0.0,0.0,0.0,8.786424881147205e-05,0.0,0.0,0.0,0.2,0.001404494382022472,0.038461538461538464,0.0,0.0,0.012978142076502731,0.013157894736842105,0.013157894736842105,0.0,0.0,1.0,0.00016059615965930319,0.0,0.0,0.0,0.0,0.0,0.25099601593625503,0.25099601593625503,0.25099601593625503,0.0,1.5259021896696422e-05,0.007812619211108568,3.0458554429273168e-05,0.0,0.0,0.5,0.00026647166724505473,0.0,0.007812619211108568,0.007812619211108568,0.007812619211108568,0.0,0.0,0.0,0.0,0.0,0.0,0.461915139612926,0.0,0.0,0.0,0.0,0.0,0.0,0.0,0.0,0.0,0.0,0.0,0.0,0.0,1.0,0.22474872772791954,0.0,0.0,0.0,0.0,0.0,0.0,0.0,0.0,0.0,0.0,0.0,0.0,0.0,0.015384615384615384,1.0,0.016897081413210446,0.0,0.0,0.0,0.0,0.0,0.0,0.0,0.0,0.0,0.0,0.9981750463168207,0.0,0.0,0.0,1.0,0.004081632653061225,0.038461538461538464,0.0,0.0,0.013157894736842105,0.013157894736842105,0.013157894736842105,0.0,0.0,1.0,0.9981750463168207,0.0,0.0,0.0,0.0,0.0,0.25099601593625503,0.25099601593625503,0.25099601593625503,0.0,1.5259021896696422e-05,0.007812619211108568,3.0458554429273168e-05,0.0,0.0,0.5,0.000600210073525734,0.0,0.007812619211108568,0.007812619211108568,0.007812619211108568,0.0,0.0,0.0,0.0,0.0,0.0,0.9980615559312612,0.0,0.0,0.0,1.0,0.004081632653061225,0.038461538461538464,0.0,0.0,0.013157894736842105,0.013157894736842105,0.013157894736842105,0.0,0.0,1.0,0.9978794453305092,0.0,0.0,0.0,0.0,0.0,0.25099601593625503,0.25099601593625503,0.25099601593625503,0.0,1.5259021896696422e-05,0.007812619211108568,3.0458554429273168e-05,0.0,0.0,0.5,0.000600210073525734,0.0,0.007812619211108568,0.007812619211108568,0.007812619211108568,0.0,0.0,0.0,0.0,0.0,0.0,0.4738701611829634,0.0,0.0,0.0,0.0,0.0,0.0,0.0,0.0,0.0,0.0,0.0,0.0,0.0,1.0,0.05204566388634278,0.0,0.0,0.0,0.0,0.0,0.0,0.0,0.0,0.0,0.0,0.0,0.0,0.0,0.007751937984496123,1.0,0.011583011583011584,0.0,0.0,0.0,0.0,0.0,0.0,0.0,0.0,0.0,0.0,0.3999999282951859,0.0,0.0,0.0,0.0,0.0,0.0,0.0,0.0,0.0,0.0,0.0,0.0,0.0,1.0,0.4181818396771064,0.0,0.0,0.0,0.0,0.0,0.0,0.0,0.0,0.0,0.0,0.0,0.0,0.0,0.0004880429477794046,0.0004880429477794046,0.0004880429477794046,0.0,0.0,0.0,0.0,0.0,0.0,0.0,0.0,0.0,0.0,0.4035873256854088,0.0,0.0,0.0,0.0,0.0,0.0,0.0,0.0,0.0,0.0,0.0,0.0,0.0,1.0,0.3383458500601051,0.0,0.0,0.0,0.0,0.0,0.0,0.0,0.0,0.0,0.0,0.0,0.0,0.0,0.0004880429477794046,0.0004880429477794046,0.0004880429477794046,0.0,0.0,0.0,0.0,0.0,0.0,0.0,0.0,0.0,0.0,0.3972808764581525,0.0,0.0,0.0,0.0,0.0,0.0,0.0,0.0,0.0,0.0,0.0,0.0,0.0,1.0,0.3971742349272318,0.0,0.0,0.0,0.0,0.0,0.0,0.0,0.0,0.0,0.0,0.0,0.0,0.0,0.015384615384615384,0.015384615384615384,0.015384615384615384,0.0,0.0,0.0,0.0,0.0,0.0,0.0,0.0,0.0,0.0,0.4304446397887997,0.0,0.0,0.0,0.0,0.0,0.0,0.0,0.0,0.0,0.0,0.0,0.0,0.0,1.0,0.15933779899868294,0.0,0.0,0.0,0.0,0.0,0.0,0.0,0.0,0.0,0.0,0.0,0.0,0.0,0.0004880429477794046,0.000975609756097561,0.0009460737937559131,0.0,0.0,0.0,0.0,0.0,0.0,0.0,0.0,0.0,0.0,0.12059864882165412,0.0,0.0,0.0,0.0,0.0,0.0,0.0,0.0,0.0,0.0,0.0,0.0,0.0,1.0,0.08573221506369715,0.0,0.0,0.0,0.0,0.0,0.0,0.0,0.0,0.0,0.0,0.0,0.0,0.0,0.0004880429477794046,0.0004880429477794046,0.0004880429477794046,0.0,0.0,0.0,0.0,0.0,0.0,0.0,0.0,0.0,0.0,0.4304446397887997,0.0,0.0,0.0,0.0,0.0,0.0,0.0,0.0,0.0,0.0,0.0,0.0,0.0,1.0,0.15933779899868294,0.0,0.0,0.0,0.0,0.0,0.0,0.0,0.0,0.0,0.0,0.0,0.0,0.0,0.015384615384615384,0.015384615384615384,0.015384615384615384,0.0,0.0,0.0,0.0,0.0,0.0,0.0,0.0,0.0,0.0,0.4388617463312292,0.0,0.0,0.0,0.0,0.0,0.0,0.0,0.0,0.0,0.0,0.0,0.0,0.0,1.0,0.397022757408137,0.0,0.0,0.0,0.0,0.0,0.0,0.0,0.0,0.0,0.0,0.0,0.0,0.0,0.0004880429477794046,0.0004880429477794046,0.0004880429477794046,0.0,0.0,0.0,0.0,0.0,0.0,0.0,0.0,0.0,0.0,0.34804636041693005,0.0,0.0,0.0,0.0,0.0,0.0,0.0,0.0,0.0,0.0,0.0,0.0,0.0,1.0,0.397022757408137,0.0,0.0,0.0,0.0,0.0,0.0,0.0,0.0,0.0,0.0,0.0,0.0,0.0,0.0004880429477794046,0.0004880429477794046,0.0004880429477794046,0.0,0.0,0.0,0.0,0.0,0.0,0.0,0.0,0.0,0.0,0.4388617463312292,0.0,0.0,0.0,0.0,0.0,0.0,0.0,0.0,0.0,0.0,0.0,0.0,0.0,1.0,0.07626584627571265,0.0,0.0,0.0,0.0,0.0,0.0,0.0,0.0,0.0,0.0,0.0,0.0,0.0,0.015384615384615384,0.015384615384615384,0.015384615384615384,0.0,0.0,0.0,0.0,0.0,0.0,0.0,0.0,0.0,0.0,6.875481957860777e-06,0.0,0.0,0.0,0.0,0.0,0.0,0.0,0.0,0.0,0.0,0.0,0.0,0.0,1.0,1.5125369929782916e-05,0.0,0.0,0.0,0.0,0.0,0.0,0.0,0.0,0.0,0.0,0.0,0.0,0.0,0.000975609756097561,0.000975609756097561,0.000975609756097561,0.0,0.0,0.0,0.0,0.0,0.0,0.0,0.0,0.0,0.0,5.253377716004288e-06,0.0,0.0,0.0,0.0,0.0,0.0,0.0,0.0,0.0,0.0,0.0,0.0,0.0,1.0,8.75566785736583e-07,0.0,0.0,0.0,0.0,0.0,0.0,0.0,0.0,0.0,0.0,0.0,0.0,0.0,0.000975609756097561,0.000975609756097561,0.000975609756097561,0.0,0.0,0.0,0.0,0.0,0.0,0.0,0.0,0.0,0.0,0.046126234285451234,0.0,0.0,0.0,0.0,0.0,0.0,0.0,0.0,0.0,0.0,0.0,0.0,0.0,1.0,0.1092216985179306,0.0,0.0,0.0,0.0,0.0,0.0,0.0,0.0,0.0,0.0,0.0,0.0,0.0,0.0,0.0,0.0,0.0,0.0,0.0,0.0,0.0,0.0,0.0,0.0,0.0,79
{0.14285714285714285: 1},{0.24134245404018811: 1},{6.413134098634002e-05: 1},{0.0: 1},{0.0: 1},{0.0: 1},{0.0: 1},{0.0: 1},{0.0: 1},{0.0: 1},{0.0: 1},{0.0: 1},{0.0: 1},{0.0: 1},0.0,9.387092246315848e-05,0.0,0.0,0.0,0.2,0.001404494382022472,0.038461538461538464,0.0,0.0,0.0044014084507042256,0.013157894736842105,0.010416666666666666,0.0,0.0,1.0,0.00018772422308032768,0.0,0.0,0.0,0.0,0.0,0.25099601593625503,0.25099601593625503,0.25099601593625503,0.0,1.5259021896696422e-05,0.007812619211108568,3.0458554429273168e-05,0.0,0.0,0.5,0.00026647166724505473,0.0,0.007812619211108568,0.007812619211108568,0.007812619211108568,0.0,0.0,0.0,0.0,0.0,0.0,8.786424881147205e-05,0.0,0.0,0.0,0.2,0.001404494382022472,0.038461538461538464,0.0,0.0,0.012978142076502731,0.013157894736842105,0.013157894736842105,0.0,0.0,1.0,0.00016059615965930319,0.0,0.0,0.0,0.0,0.0,0.25099601593625503,0.25099601593625503,0.25099601593625503,0.0,1.5259021896696422e-05,0.007812619211108568,3.0458554429273168e-05,0.0,0.0,0.5,0.00026647166724505473,0.0,0.007812619211108568,0.007812619211108568,0.007812619211108568,0.0,0.0,0.0,0.0,0.0,0.0,0.461915139612926,0.0,0.0,0.0,0.0,0.0,0.0,0.0,0.0,0.0,0.0,0.0,0.0,0.0,1.0,0.22474872772791954,0.0,0.0,0.0,0.0,0.0,0.0,0.0,0.0,0.0,0.0,0.0,0.0,0.0,0.015384615384615384,1.0,0.016897081413210446,0.0,0.0,0.0,0.0,0.0,0.0,0.0,0.0,0.0,0.0,0.9981750463168207,0.0,0.0,0.0,1.0,0.004081632653061225,0.038461538461538464,0.0,0.0,0.013157894736842105,0.013157894736842105,0.013157894736842105,0.0,0.0,1.0,0.9981750463168207,0.0,0.0,0.0,0.0,0.0,0.25099601593625503,0.25099601593625503,0.25099601593625503,0.0,1.5259021896696422e-05,0.007812619211108568,3.0458554429273168e-05,0.0,0.0,0.5,0.000600210073525734,0.0,0.007812619211108568,0.007812619211108568,0.007812619211108568,0.0,0.0,0.0,0.0,0.0,0.0,0.9980615559312612,0.0,0.0,0.0,1.0,0.004081632653061225,0.038461538461538464,0.0,0.0,0.013157894736842105,0.013157894736842105,0.013157894736842105,0.0,0.0,1.0,0.9978794453305092,0.0,0.0,0.0,0.0,0.0,0.25099601593625503,0.25099601593625503,0.25099601593625503,0.0,1.5259021896696422e-05,0.007812619211108568,3.0458554429273168e-05,0.0,0.0,0.5,0.000600210073525734,0.0,0.007812619211108568,0.007812619211108568,0.007812619211108568,0.0,0.0,0.0,0.0,0.0,0.0,0.4738701611829634,0.0,0.0,0.0,0.0,0.0,0.0,0.0,0.0,0.0,0.0,0.0,0.0,0.0,1.0,0.05204566388634278,0.0,0.0,0.0,0.0,0.0,0.0,0.0,0.0,0.0,0.0,0.0,0.0,0.0,0.007751937984496123,1.0,0.011583011583011584,0.0,0.0,0.0,0.0,0.0,0.0,0.0,0.0,0.0,0.0,0.3999999282951859,0.0,0.0,0.0,0.0,0.0,0.0,0.0,0.0,0.0,0.0,0.0,0.0,0.0,1.0,0.4181818396771064,0.0,0.0,0.0,0.0,0.0,0.0,0.0,0.0,0.0,0.0,0.0,0.0,0.0,0.0004880429477794046,0.0004880429477794046,0.0004880429477794046,0.0,0.0,0.0,0.0,0.0,0.0,0.0,0.0,0.0,0.0,0.4035873256854088,0.0,0.0,0.0,0.0,0.0,0.0,0.0,0.0,0.0,0.0,0.0,0.0,0.0,1.0,0.3383458500601051,0.0,0.0,0.0,0.0,0.0,0.0,0.0,0.0,0.0,0.0,0.0,0.0,0.0,0.0004880429477794046,0.0004880429477794046,0.0004880429477794046,0.0,0.0,0.0,0.0,0.0,0.0,0.0,0.0,0.0,0.0,0.3972808764581525,0.0,0.0,0.0,0.0,0.0,0.0,0.0,0.0,0.0,0.0,0.0,0.0,0.0,1.0,0.3971742349272318,0.0,0.0,0.0,0.0,0.0,0.0,0.0,0.0,0.0,0.0,0.0,0.0,0.0,0.015384615384615384,0.015384615384615384,0.015384615384615384,0.0,0.0,0.0,0.0,0.0,0.0,0.0,0.0,0.0,0.0,0.4304446397887997,0.0,0.0,0.0,0.0,0.0,0.0,0.0,0.0,0.0,0.0,0.0,0.0,0.0,1.0,0.15933779899868294,0.0,0.0,0.0,0.0,0.0,0.0,0.0,0.0,0.0,0.0,0.0,0.0,0.0,0.0004880429477794046,0.000975609756097561,0.0009460737937559131,0.0,0.0,0.0,0.0,0.0,0.0,0.0,0.0,0.0,0.0,0.12059864882165412,0.0,0.0,0.0,0.0,0.0,0.0,0.0,0.0,0.0,0.0,0.0,0.0,0.0,1.0,0.08573221506369715,0.0,0.0,0.0,0.0,0.0,0.0,0.0,0.0,0.0,0.0,0.0,0.0,0.0,0.0004880429477794046,0.0004880429477794046,0.0004880429477794046,0.0,0.0,0.0,0.0,0.0,0.0,0.0,0.0,0.0,0.0,0.4304446397887997,0.0,0.0,0.0,0.0,0.0,0.0,0.0,0.0,0.0,0.0,0.0,0.0,0.0,1.0,0.15933779899868294,0.0,0.0,0.0,0.0,0.0,0.0,0.0,0.0,0.0,0.0,0.0,0.0,0.0,0.015384615384615384,0.015384615384615384,0.015384615384615384,0.0,0.0,0.0,0.0,0.0,0.0,0.0,0.0,0.0,0.0,0.4388617463312292,0.0,0.0,0.0,0.0,0.0,0.0,0.0,0.0,0.0,0.0,0.0,0.0,0.0,1.0,0.397022757408137,0.0,0.0,0.0,0.0,0.0,0.0,0.0,0.0,0.0,0.0,0.0,0.0,0.0,0.0004880429477794046,0.0004880429477794046,0.0004880429477794046,0.0,0.0,0.0,0.0,0.0,0.0,0.0,0.0,0.0,0.0,0.34804636041693005,0.0,0.0,0.0,0.0,0.0,0.0,0.0,0.0,0.0,0.0,0.0,0.0,0.0,1.0,0.397022757408137,0.0,0.0,0.0,0.0,0.0,0.0,0.0,0.0,0.0,0.0,0.0,0.0,0.0,0.0004880429477794046,0.0004880429477794046,0.0004880429477794046,0.0,0.0,0.0,0.0,0.0,0.0,0.0,0.0,0.0,0.0,0.4388617463312292,0.0,0.0,0.0,0.0,0.0,0.0,0.0,0.0,0.0,0.0,0.0,0.0,0.0,1.0,0.07626584627571265,0.0,0.0,0.0,0.0,0.0,0.0,0.0,0.0,0.0,0.0,0.0,0.0,0.0,0.015384615384615384,0.015384615384615384,0.015384615384615384,0.0,0.0,0.0,0.0,0.0,0.0,0.0,0.0,0.0,0.0,6.875481957860777e-06,0.0,0.0,0.0,0.0,0.0,0.0,0.0,0.0,0.0,0.0,0.0,0.0,0.0,1.0,1.5125369929782916e-05,0.0,0.0,0.0,0.0,0.0,0.0,0.0,0.0,0.0,0.0,0.0,0.0,0.0,0.000975609756097561,0.000975609756097561,0.000975609756097561,0.0,0.0,0.0,0.0,0.0,0.0,0.0,0.0,0.0,0.0,5.253377716004288e-06,0.0,0.0,0.0,0.0,0.0,0.0,0.0,0.0,0.0,0.0,0.0,0.0,0.0,1.0,8.75566785736583e-07,0.0,0.0,0.0,0.0,0.0,0.0,0.0,0.0,0.0,0.0,0.0,0.0,0.0,0.000975609756097561,0.000975609756097561,0.000975609756097561,0.0,0.0,0.0,0.0,0.0,0.0,0.0,0.0,0.0,0.0,0.046126234285451234,0.0,0.0,0.0,0.0,0.0,0.0,0.0,0.0,0.0,0.0,0.0,0.0,0.0,1.0,0.1092216985179306,0.0,0.0,0.0,0.0,0.0,0.0,0.0,0.0,0.0,0.0,0.0,0.0,0.0,0.0,0.0,0.0,0.0,0.0,0.0,0.0,0.0,0.0,0.0,0.0,0.0,79
{0.14285714285714285: 1},{0.24782670656975916: 1},{6.413134098634002e-05: 1},{0.0: 1},{0.0: 1},{0.0: 1},{0.0: 1},{0.0: 1},{0.0: 1},{0.0: 1},{0.0: 1},{0.0: 1},{0.0: 1},{0.0: 1},0.0,9.387092246315848e-05,0.0,0.0,0.0,0.2,0.001404494382022472,0.038461538461538464,0.0,0.0,0.0044014084507042256,0.013157894736842105,0.010416666666666666,0.0,0.0,1.0,0.00018772422308032768,0.0,0.0,0.0,0.0,0.0,0.25099601593625503,0.25099601593625503,0.25099601593625503,0.0,1.5259021896696422e-05,0.007812619211108568,3.0458554429273168e-05,0.0,0.0,0.5,0.00026647166724505473,0.0,0.007812619211108568,0.007812619211108568,0.007812619211108568,0.0,0.0,0.0,0.0,0.0,0.0,8.786424881147205e-05,0.0,0.0,0.0,0.2,0.001404494382022472,0.038461538461538464,0.0,0.0,0.012978142076502731,0.013157894736842105,0.013157894736842105,0.0,0.0,1.0,0.00016059615965930319,0.0,0.0,0.0,0.0,0.0,0.25099601593625503,0.25099601593625503,0.25099601593625503,0.0,1.5259021896696422e-05,0.007812619211108568,3.0458554429273168e-05,0.0,0.0,0.5,0.00026647166724505473,0.0,0.007812619211108568,0.007812619211108568,0.007812619211108568,0.0,0.0,0.0,0.0,0.0,0.0,0.461915139612926,0.0,0.0,0.0,0.0,0.0,0.0,0.0,0.0,0.0,0.0,0.0,0.0,0.0,1.0,0.22474872772791954,0.0,0.0,0.0,0.0,0.0,0.0,0.0,0.0,0.0,0.0,0.0,0.0,0.0,0.015384615384615384,1.0,0.016897081413210446,0.0,0.0,0.0,0.0,0.0,0.0,0.0,0.0,0.0,0.0,0.9981750463168207,0.0,0.0,0.0,1.0,0.004081632653061225,0.038461538461538464,0.0,0.0,0.013157894736842105,0.013157894736842105,0.013157894736842105,0.0,0.0,1.0,0.9981750463168207,0.0,0.0,0.0,0.0,0.0,0.25099601593625503,0.25099601593625503,0.25099601593625503,0.0,1.5259021896696422e-05,0.007812619211108568,3.0458554429273168e-05,0.0,0.0,0.5,0.000600210073525734,0.0,0.007812619211108568,0.007812619211108568,0.007812619211108568,0.0,0.0,0.0,0.0,0.0,0.0,0.9980615559312612,0.0,0.0,0.0,1.0,0.004081632653061225,0.038461538461538464,0.0,0.0,0.013157894736842105,0.013157894736842105,0.013157894736842105,0.0,0.0,1.0,0.9978794453305092,0.0,0.0,0.0,0.0,0.0,0.25099601593625503,0.25099601593625503,0.25099601593625503,0.0,1.5259021896696422e-05,0.007812619211108568,3.0458554429273168e-05,0.0,0.0,0.5,0.000600210073525734,0.0,0.007812619211108568,0.007812619211108568,0.007812619211108568,0.0,0.0,0.0,0.0,0.0,0.0,0.4738701611829634,0.0,0.0,0.0,0.0,0.0,0.0,0.0,0.0,0.0,0.0,0.0,0.0,0.0,1.0,0.05204566388634278,0.0,0.0,0.0,0.0,0.0,0.0,0.0,0.0,0.0,0.0,0.0,0.0,0.0,0.007751937984496123,1.0,0.011583011583011584,0.0,0.0,0.0,0.0,0.0,0.0,0.0,0.0,0.0,0.0,0.3999999282951859,0.0,0.0,0.0,0.0,0.0,0.0,0.0,0.0,0.0,0.0,0.0,0.0,0.0,1.0,0.4181818396771064,0.0,0.0,0.0,0.0,0.0,0.0,0.0,0.0,0.0,0.0,0.0,0.0,0.0,0.0004880429477794046,0.0004880429477794046,0.0004880429477794046,0.0,0.0,0.0,0.0,0.0,0.0,0.0,0.0,0.0,0.0,0.4035873256854088,0.0,0.0,0.0,0.0,0.0,0.0,0.0,0.0,0.0,0.0,0.0,0.0,0.0,1.0,0.3383458500601051,0.0,0.0,0.0,0.0,0.0,0.0,0.0,0.0,0.0,0.0,0.0,0.0,0.0,0.0004880429477794046,0.0004880429477794046,0.0004880429477794046,0.0,0.0,0.0,0.0,0.0,0.0,0.0,0.0,0.0,0.0,0.3972808764581525,0.0,0.0,0.0,0.0,0.0,0.0,0.0,0.0,0.0,0.0,0.0,0.0,0.0,1.0,0.3971742349272318,0.0,0.0,0.0,0.0,0.0,0.0,0.0,0.0,0.0,0.0,0.0,0.0,0.0,0.015384615384615384,0.015384615384615384,0.015384615384615384,0.0,0.0,0.0,0.0,0.0,0.0,0.0,0.0,0.0,0.0,0.4304446397887997,0.0,0.0,0.0,0.0,0.0,0.0,0.0,0.0,0.0,0.0,0.0,0.0,0.0,1.0,0.15933779899868294,0.0,0.0,0.0,0.0,0.0,0.0,0.0,0.0,0.0,0.0,0.0,0.0,0.0,0.0004880429477794046,0.000975609756097561,0.0009460737937559131,0.0,0.0,0.0,0.0,0.0,0.0,0.0,0.0,0.0,0.0,0.12059864882165412,0.0,0.0,0.0,0.0,0.0,0.0,0.0,0.0,0.0,0.0,0.0,0.0,0.0,1.0,0.08573221506369715,0.0,0.0,0.0,0.0,0.0,0.0,0.0,0.0,0.0,0.0,0.0,0.0,0.0,0.0004880429477794046,0.0004880429477794046,0.0004880429477794046,0.0,0.0,0.0,0.0,0.0,0.0,0.0,0.0,0.0,0.0,0.4304446397887997,0.0,0.0,0.0,0.0,0.0,0.0,0.0,0.0,0.0,0.0,0.0,0.0,0.0,1.0,0.15933779899868294,0.0,0.0,0.0,0.0,0.0,0.0,0.0,0.0,0.0,0.0,0.0,0.0,0.0,0.015384615384615384,0.015384615384615384,0.015384615384615384,0.0,0.0,0.0,0.0,0.0,0.0,0.0,0.0,0.0,0.0,0.4388617463312292,0.0,0.0,0.0,0.0,0.0,0.0,0.0,0.0,0.0,0.0,0.0,0.0,0.0,1.0,0.397022757408137,0.0,0.0,0.0,0.0,0.0,0.0,0.0,0.0,0.0,0.0,0.0,0.0,0.0,0.0004880429477794046,0.0004880429477794046,0.0004880429477794046,0.0,0.0,0.0,0.0,0.0,0.0,0.0,0.0,0.0,0.0,0.34804636041693005,0.0,0.0,0.0,0.0,0.0,0.0,0.0,0.0,0.0,0.0,0.0,0.0,0.0,1.0,0.397022757408137,0.0,0.0,0.0,0.0,0.0,0.0,0.0,0.0,0.0,0.0,0.0,0.0,0.0,0.0004880429477794046,0.0004880429477794046,0.0004880429477794046,0.0,0.0,0.0,0.0,0.0,0.0,0.0,0.0,0.0,0.0,0.4388617463312292,0.0,0.0,0.0,0.0,0.0,0.0,0.0,0.0,0.0,0.0,0.0,0.0,0.0,1.0,0.07626584627571265,0.0,0.0,0.0,0.0,0.0,0.0,0.0,0.0,0.0,0.0,0.0,0.0,0.0,0.015384615384615384,0.015384615384615384,0.015384615384615384,0.0,0.0,0.0,0.0,0.0,0.0,0.0,0.0,0.0,0.0,6.875481957860777e-06,0.0,0.0,0.0,0.0,0.0,0.0,0.0,0.0,0.0,0.0,0.0,0.0,0.0,1.0,1.5125369929782916e-05,0.0,0.0,0.0,0.0,0.0,0.0,0.0,0.0,0.0,0.0,0.0,0.0,0.0,0.000975609756097561,0.000975609756097561,0.000975609756097561,0.0,0.0,0.0,0.0,0.0,0.0,0.0,0.0,0.0,0.0,5.253377716004288e-06,0.0,0.0,0.0,0.0,0.0,0.0,0.0,0.0,0.0,0.0,0.0,0.0,0.0,1.0,8.75566785736583e-07,0.0,0.0,0.0,0.0,0.0,0.0,0.0,0.0,0.0,0.0,0.0,0.0,0.0,0.000975609756097561,0.000975609756097561,0.000975609756097561,0.0,0.0,0.0,0.0,0.0,0.0,0.0,0.0,0.0,0.0,0.046126234285451234,0.0,0.0,0.0,0.0,0.0,0.0,0.0,0.0,0.0,0.0,0.0,0.0,0.0,1.0,0.1092216985179306,0.0,0.0,0.0,0.0,0.0,0.0,0.0,0.0,0.0,0.0,0.0,0.0,0.0,0.0,0.0,0.0,0.0,0.0,0.0,0.0,0.0,0.0,0.0,0.0,0.0,79
{0.14285714285714285: 1},{0.2443708137380647: 1},{6.413134098634002e-05: 1},{0.0: 1},{0.0: 1},{0.0: 1},{0.0: 1},{0.0: 1},{0.0: 1},{0.0: 1},{0.0: 1},{0.0: 1},{0.0: 1},{0.0: 1},0.0,9.387092246315848e-05,0.0,0.0,0.0,0.2,0.001404494382022472,0.038461538461538464,0.0,0.0,0.0044014084507042256,0.013157894736842105,0.010416666666666666,0.0,0.0,1.0,0.00018772422308032768,0.0,0.0,0.0,0.0,0.0,0.25099601593625503,0.25099601593625503,0.25099601593625503,0.0,1.5259021896696422e-05,0.007812619211108568,3.0458554429273168e-05,0.0,0.0,0.5,0.00026647166724505473,0.0,0.007812619211108568,0.007812619211108568,0.007812619211108568,0.0,0.0,0.0,0.0,0.0,0.0,8.786424881147205e-05,0.0,0.0,0.0,0.2,0.001404494382022472,0.038461538461538464,0.0,0.0,0.012978142076502731,0.013157894736842105,0.013157894736842105,0.0,0.0,1.0,0.00016059615965930319,0.0,0.0,0.0,0.0,0.0,0.25099601593625503,0.25099601593625503,0.25099601593625503,0.0,1.5259021896696422e-05,0.007812619211108568,3.0458554429273168e-05,0.0,0.0,0.5,0.00026647166724505473,0.0,0.007812619211108568,0.007812619211108568,0.007812619211108568,0.0,0.0,0.0,0.0,0.0,0.0,0.461915139612926,0.0,0.0,0.0,0.0,0.0,0.0,0.0,0.0,0.0,0.0,0.0,0.0,0.0,1.0,0.22474872772791954,0.0,0.0,0.0,0.0,0.0,0.0,0.0,0.0,0.0,0.0,0.0,0.0,0.0,0.015384615384615384,1.0,0.016897081413210446,0.0,0.0,0.0,0.0,0.0,0.0,0.0,0.0,0.0,0.0,0.9981750463168207,0.0,0.0,0.0,1.0,0.004081632653061225,0.038461538461538464,0.0,0.0,0.013157894736842105,0.013157894736842105,0.013157894736842105,0.0,0.0,1.0,0.9981750463168207,0.0,0.0,0.0,0.0,0.0,0.25099601593625503,0.25099601593625503,0.25099601593625503,0.0,1.5259021896696422e-05,0.007812619211108568,3.0458554429273168e-05,0.0,0.0,0.5,0.000600210073525734,0.0,0.007812619211108568,0.007812619211108568,0.007812619211108568,0.0,0.0,0.0,0.0,0.0,0.0,0.9980615559312612,0.0,0.0,0.0,1.0,0.004081632653061225,0.038461538461538464,0.0,0.0,0.013157894736842105,0.013157894736842105,0.013157894736842105,0.0,0.0,1.0,0.9978794453305092,0.0,0.0,0.0,0.0,0.0,0.25099601593625503,0.25099601593625503,0.25099601593625503,0.0,1.5259021896696422e-05,0.007812619211108568,3.0458554429273168e-05,0.0,0.0,0.5,0.000600210073525734,0.0,0.007812619211108568,0.007812619211108568,0.007812619211108568,0.0,0.0,0.0,0.0,0.0,0.0,0.4738701611829634,0.0,0.0,0.0,0.0,0.0,0.0,0.0,0.0,0.0,0.0,0.0,0.0,0.0,1.0,0.05204566388634278,0.0,0.0,0.0,0.0,0.0,0.0,0.0,0.0,0.0,0.0,0.0,0.0,0.0,0.007751937984496123,1.0,0.011583011583011584,0.0,0.0,0.0,0.0,0.0,0.0,0.0,0.0,0.0,0.0,0.3999999282951859,0.0,0.0,0.0,0.0,0.0,0.0,0.0,0.0,0.0,0.0,0.0,0.0,0.0,1.0,0.4181818396771064,0.0,0.0,0.0,0.0,0.0,0.0,0.0,0.0,0.0,0.0,0.0,0.0,0.0,0.0004880429477794046,0.0004880429477794046,0.0004880429477794046,0.0,0.0,0.0,0.0,0.0,0.0,0.0,0.0,0.0,0.0,0.4035873256854088,0.0,0.0,0.0,0.0,0.0,0.0,0.0,0.0,0.0,0.0,0.0,0.0,0.0,1.0,0.3383458500601051,0.0,0.0,0.0,0.0,0.0,0.0,0.0,0.0,0.0,0.0,0.0,0.0,0.0,0.0004880429477794046,0.0004880429477794046,0.0004880429477794046,0.0,0.0,0.0,0.0,0.0,0.0,0.0,0.0,0.0,0.0,0.3972808764581525,0.0,0.0,0.0,0.0,0.0,0.0,0.0,0.0,0.0,0.0,0.0,0.0,0.0,1.0,0.3971742349272318,0.0,0.0,0.0,0.0,0.0,0.0,0.0,0.0,0.0,0.0,0.0,0.0,0.0,0.015384615384615384,0.015384615384615384,0.015384615384615384,0.0,0.0,0.0,0.0,0.0,0.0,0.0,0.0,0.0,0.0,0.4304446397887997,0.0,0.0,0.0,0.0,0.0,0.0,0.0,0.0,0.0,0.0,0.0,0.0,0.0,1.0,0.15933779899868294,0.0,0.0,0.0,0.0,0.0,0.0,0.0,0.0,0.0,0.0,0.0,0.0,0.0,0.0004880429477794046,0.000975609756097561,0.0009460737937559131,0.0,0.0,0.0,0.0,0.0,0.0,0.0,0.0,0.0,0.0,0.12059864882165412,0.0,0.0,0.0,0.0,0.0,0.0,0.0,0.0,0.0,0.0,0.0,0.0,0.0,1.0,0.08573221506369715,0.0,0.0,0.0,0.0,0.0,0.0,0.0,0.0,0.0,0.0,0.0,0.0,0.0,0.0004880429477794046,0.0004880429477794046,0.0004880429477794046,0.0,0.0,0.0,0.0,0.0,0.0,0.0,0.0,0.0,0.0,0.4304446397887997,0.0,0.0,0.0,0.0,0.0,0.0,0.0,0.0,0.0,0.0,0.0,0.0,0.0,1.0,0.15933779899868294,0.0,0.0,0.0,0.0,0.0,0.0,0.0,0.0,0.0,0.0,0.0,0.0,0.0,0.015384615384615384,0.015384615384615384,0.015384615384615384,0.0,0.0,0.0,0.0,0.0,0.0,0.0,0.0,0.0,0.0,0.4388617463312292,0.0,0.0,0.0,0.0,0.0,0.0,0.0,0.0,0.0,0.0,0.0,0.0,0.0,1.0,0.397022757408137,0.0,0.0,0.0,0.0,0.0,0.0,0.0,0.0,0.0,0.0,0.0,0.0,0.0,0.0004880429477794046,0.0004880429477794046,0.0004880429477794046,0.0,0.0,0.0,0.0,0.0,0.0,0.0,0.0,0.0,0.0,0.34804636041693005,0.0,0.0,0.0,0.0,0.0,0.0,0.0,0.0,0.0,0.0,0.0,0.0,0.0,1.0,0.397022757408137,0.0,0.0,0.0,0.0,0.0,0.0,0.0,0.0,0.0,0.0,0.0,0.0,0.0,0.0004880429477794046,0.0004880429477794046,0.0004880429477794046,0.0,0.0,0.0,0.0,0.0,0.0,0.0,0.0,0.0,0.0,0.4388617463312292,0.0,0.0,0.0,0.0,0.0,0.0,0.0,0.0,0.0,0.0,0.0,0.0,0.0,1.0,0.07626584627571265,0.0,0.0,0.0,0.0,0.0,0.0,0.0,0.0,0.0,0.0,0.0,0.0,0.0,0.015384615384615384,0.015384615384615384,0.015384615384615384,0.0,0.0,0.0,0.0,0.0,0.0,0.0,0.0,0.0,0.0,6.875481957860777e-06,0.0,0.0,0.0,0.0,0.0,0.0,0.0,0.0,0.0,0.0,0.0,0.0,0.0,1.0,1.5125369929782916e-05,0.0,0.0,0.0,0.0,0.0,0.0,0.0,0.0,0.0,0.0,0.0,0.0,0.0,0.000975609756097561,0.000975609756097561,0.000975609756097561,0.0,0.0,0.0,0.0,0.0,0.0,0.0,0.0,0.0,0.0,5.253377716004288e-06,0.0,0.0,0.0,0.0,0.0,0.0,0.0,0.0,0.0,0.0,0.0,0.0,0.0,1.0,8.75566785736583e-07,0.0,0.0,0.0,0.0,0.0,0.0,0.0,0.0,0.0,0.0,0.0,0.0,0.0,0.000975609756097561,0.000975609756097561,0.000975609756097561,0.0,0.0,0.0,0.0,0.0,0.0,0.0,0.0,0.0,0.0,0.046126234285451234,0.0,0.0,0.0,0.0,0.0,0.0,0.0,0.0,0.0,0.0,0.0,0.0,0.0,1.0,0.1092216985179306,0.0,0.0,0.0,0.0,0.0,0.0,0.0,0.0,0.0,0.0,0.0,0.0,0.0,0.0,0.0,0.0,0.0,0.0,0.0,0.0,0.0,0.0,0.0,0.0,0.0,79
{0.14285714285714285: 1},{0.23713837822431239: 1},{6.413134098634002e-05: 1},{0.0: 1},{0.0: 1},{0.0: 1},{0.0: 1},{0.0: 1},{0.0: 1},{0.0: 1},{0.0: 1},{0.0: 1},{0.0: 1},{0.0: 1},0.0,9.387092246315848e-05,0.0,0.0,0.0,0.2,0.001404494382022472,0.038461538461538464,0.0,0.0,0.0044014084507042256,0.013157894736842105,0.010416666666666666,0.0,0.0,1.0,0.00018772422308032768,0.0,0.0,0.0,0.0,0.0,0.25099601593625503,0.25099601593625503,0.25099601593625503,0.0,1.5259021896696422e-05,0.007812619211108568,3.0458554429273168e-05,0.0,0.0,0.5,0.00026647166724505473,0.0,0.007812619211108568,0.007812619211108568,0.007812619211108568,0.0,0.0,0.0,0.0,0.0,0.0,8.786424881147205e-05,0.0,0.0,0.0,0.2,0.001404494382022472,0.038461538461538464,0.0,0.0,0.012978142076502731,0.013157894736842105,0.013157894736842105,0.0,0.0,1.0,0.00016059615965930319,0.0,0.0,0.0,0.0,0.0,0.25099601593625503,0.25099601593625503,0.25099601593625503,0.0,1.5259021896696422e-05,0.007812619211108568,3.0458554429273168e-05,0.0,0.0,0.5,0.00026647166724505473,0.0,0.007812619211108568,0.007812619211108568,0.007812619211108568,0.0,0.0,0.0,0.0,0.0,0.0,0.461915139612926,0.0,0.0,0.0,0.0,0.0,0.0,0.0,0.0,0.0,0.0,0.0,0.0,0.0,1.0,0.22474872772791954,0.0,0.0,0.0,0.0,0.0,0.0,0.0,0.0,0.0,0.0,0.0,0.0,0.0,0.015384615384615384,1.0,0.016897081413210446,0.0,0.0,0.0,0.0,0.0,0.0,0.0,0.0,0.0,0.0,0.9981750463168207,0.0,0.0,0.0,1.0,0.004081632653061225,0.038461538461538464,0.0,0.0,0.013157894736842105,0.013157894736842105,0.013157894736842105,0.0,0.0,1.0,0.9981750463168207,0.0,0.0,0.0,0.0,0.0,0.25099601593625503,0.25099601593625503,0.25099601593625503,0.0,1.5259021896696422e-05,0.007812619211108568,3.0458554429273168e-05,0.0,0.0,0.5,0.000600210073525734,0.0,0.007812619211108568,0.007812619211108568,0.007812619211108568,0.0,0.0,0.0,0.0,0.0,0.0,0.9980615559312612,0.0,0.0,0.0,1.0,0.004081632653061225,0.038461538461538464,0.0,0.0,0.013157894736842105,0.013157894736842105,0.013157894736842105,0.0,0.0,1.0,0.9978794453305092,0.0,0.0,0.0,0.0,0.0,0.25099601593625503,0.25099601593625503,0.25099601593625503,0.0,1.5259021896696422e-05,0.007812619211108568,3.0458554429273168e-05,0.0,0.0,0.5,0.000600210073525734,0.0,0.007812619211108568,0.007812619211108568,0.007812619211108568,0.0,0.0,0.0,0.0,0.0,0.0,0.4738701611829634,0.0,0.0,0.0,0.0,0.0,0.0,0.0,0.0,0.0,0.0,0.0,0.0,0.0,1.0,0.05204566388634278,0.0,0.0,0.0,0.0,0.0,0.0,0.0,0.0,0.0,0.0,0.0,0.0,0.0,0.007751937984496123,1.0,0.011583011583011584,0.0,0.0,0.0,0.0,0.0,0.0,0.0,0.0,0.0,0.0,0.3999999282951859,0.0,0.0,0.0,0.0,0.0,0.0,0.0,0.0,0.0,0.0,0.0,0.0,0.0,1.0,0.4181818396771064,0.0,0.0,0.0,0.0,0.0,0.0,0.0,0.0,0.0,0.0,0.0,0.0,0.0,0.0004880429477794046,0.0004880429477794046,0.0004880429477794046,0.0,0.0,0.0,0.0,0.0,0.0,0.0,0.0,0.0,0.0,0.4035873256854088,0.0,0.0,0.0,0.0,0.0,0.0,0.0,0.0,0.0,0.0,0.0,0.0,0.0,1.0,0.3383458500601051,0.0,0.0,0.0,0.0,0.0,0.0,0.0,0.0,0.0,0.0,0.0,0.0,0.0,0.0004880429477794046,0.0004880429477794046,0.0004880429477794046,0.0,0.0,0.0,0.0,0.0,0.0,0.0,0.0,0.0,0.0,0.3972808764581525,0.0,0.0,0.0,0.0,0.0,0.0,0.0,0.0,0.0,0.0,0.0,0.0,0.0,1.0,0.3971742349272318,0.0,0.0,0.0,0.0,0.0,0.0,0.0,0.0,0.0,0.0,0.0,0.0,0.0,0.015384615384615384,0.015384615384615384,0.015384615384615384,0.0,0.0,0.0,0.0,0.0,0.0,0.0,0.0,0.0,0.0,0.4304446397887997,0.0,0.0,0.0,0.0,0.0,0.0,0.0,0.0,0.0,0.0,0.0,0.0,0.0,1.0,0.15933779899868294,0.0,0.0,0.0,0.0,0.0,0.0,0.0,0.0,0.0,0.0,0.0,0.0,0.0,0.0004880429477794046,0.000975609756097561,0.0009460737937559131,0.0,0.0,0.0,0.0,0.0,0.0,0.0,0.0,0.0,0.0,0.12059864882165412,0.0,0.0,0.0,0.0,0.0,0.0,0.0,0.0,0.0,0.0,0.0,0.0,0.0,1.0,0.08573221506369715,0.0,0.0,0.0,0.0,0.0,0.0,0.0,0.0,0.0,0.0,0.0,0.0,0.0,0.0004880429477794046,0.0004880429477794046,0.0004880429477794046,0.0,0.0,0.0,0.0,0.0,0.0,0.0,0.0,0.0,0.0,0.4304446397887997,0.0,0.0,0.0,0.0,0.0,0.0,0.0,0.0,0.0,0.0,0.0,0.0,0.0,1.0,0.15933779899868294,0.0,0.0,0.0,0.0,0.0,0.0,0.0,0.0,0.0,0.0,0.0,0.0,0.0,0.015384615384615384,0.015384615384615384,0.015384615384615384,0.0,0.0,0.0,0.0,0.0,0.0,0.0,0.0,0.0,0.0,0.4388617463312292,0.0,0.0,0.0,0.0,0.0,0.0,0.0,0.0,0.0,0.0,0.0,0.0,0.0,1.0,0.397022757408137,0.0,0.0,0.0,0.0,0.0,0.0,0.0,0.0,0.0,0.0,0.0,0.0,0.0,0.0004880429477794046,0.0004880429477794046,0.0004880429477794046,0.0,0.0,0.0,0.0,0.0,0.0,0.0,0.0,0.0,0.0,0.34804636041693005,0.0,0.0,0.0,0.0,0.0,0.0,0.0,0.0,0.0,0.0,0.0,0.0,0.0,1.0,0.397022757408137,0.0,0.0,0.0,0.0,0.0,0.0,0.0,0.0,0.0,0.0,0.0,0.0,0.0,0.0004880429477794046,0.0004880429477794046,0.0004880429477794046,0.0,0.0,0.0,0.0,0.0,0.0,0.0,0.0,0.0,0.0,0.4388617463312292,0.0,0.0,0.0,0.0,0.0,0.0,0.0,0.0,0.0,0.0,0.0,0.0,0.0,1.0,0.07626584627571265,0.0,0.0,0.0,0.0,0.0,0.0,0.0,0.0,0.0,0.0,0.0,0.0,0.0,0.015384615384615384,0.015384615384615384,0.015384615384615384,0.0,0.0,0.0,0.0,0.0,0.0,0.0,0.0,0.0,0.0,6.875481957860777e-06,0.0,0.0,0.0,0.0,0.0,0.0,0.0,0.0,0.0,0.0,0.0,0.0,0.0,1.0,1.5125369929782916e-05,0.0,0.0,0.0,0.0,0.0,0.0,0.0,0.0,0.0,0.0,0.0,0.0,0.0,0.000975609756097561,0.000975609756097561,0.000975609756097561,0.0,0.0,0.0,0.0,0.0,0.0,0.0,0.0,0.0,0.0,5.253377716004288e-06,0.0,0.0,0.0,0.0,0.0,0.0,0.0,0.0,0.0,0.0,0.0,0.0,0.0,1.0,8.75566785736583e-07,0.0,0.0,0.0,0.0,0.0,0.0,0.0,0.0,0.0,0.0,0.0,0.0,0.0,0.000975609756097561,0.000975609756097561,0.000975609756097561,0.0,0.0,0.0,0.0,0.0,0.0,0.0,0.0,0.0,0.0,0.046126234285451234,0.0,0.0,0.0,0.0,0.0,0.0,0.0,0.0,0.0,0.0,0.0,0.0,0.0,1.0,0.1092216985179306,0.0,0.0,0.0,0.0,0.0,0.0,0.0,0.0,0.0,0.0,0.0,0.0,0.0,0.0,0.0,0.0,0.0,0.0,0.0,0.0,0.0,0.0,0.0,0.0,0.0,79
{0.14285714285714285: 1},{0.23617642867322217: 1},{6.413134098634002e-05: 1},{0.0: 1},{0.0: 1},{0.0: 1},{0.0: 1},{0.0: 1},{0.0: 1},{0.0: 1},{0.0: 1},{0.0: 1},{0.0: 1},{0.0: 1},0.0,9.387092246315848e-05,0.0,0.0,0.0,0.2,0.001404494382022472,0.038461538461538464,0.0,0.0,0.0044014084507042256,0.013157894736842105,0.010416666666666666,0.0,0.0,1.0,0.00018772422308032768,0.0,0.0,0.0,0.0,0.0,0.25099601593625503,0.25099601593625503,0.25099601593625503,0.0,1.5259021896696422e-05,0.007812619211108568,3.0458554429273168e-05,0.0,0.0,0.5,0.00026647166724505473,0.0,0.007812619211108568,0.007812619211108568,0.007812619211108568,0.0,0.0,0.0,0.0,0.0,0.0,8.786424881147205e-05,0.0,0.0,0.0,0.2,0.001404494382022472,0.038461538461538464,0.0,0.0,0.012978142076502731,0.013157894736842105,0.013157894736842105,0.0,0.0,1.0,0.00016059615965930319,0.0,0.0,0.0,0.0,0.0,0.25099601593625503,0.25099601593625503,0.25099601593625503,0.0,1.5259021896696422e-05,0.007812619211108568,3.0458554429273168e-05,0.0,0.0,0.5,0.00026647166724505473,0.0,0.007812619211108568,0.007812619211108568,0.007812619211108568,0.0,0.0,0.0,0.0,0.0,0.0,0.461915139612926,0.0,0.0,0.0,0.0,0.0,0.0,0.0,0.0,0.0,0.0,0.0,0.0,0.0,1.0,0.22474872772791954,0.0,0.0,0.0,0.0,0.0,0.0,0.0,0.0,0.0,0.0,0.0,0.0,0.0,0.015384615384615384,1.0,0.016897081413210446,0.0,0.0,0.0,0.0,0.0,0.0,0.0,0.0,0.0,0.0,0.9981750463168207,0.0,0.0,0.0,1.0,0.004081632653061225,0.038461538461538464,0.0,0.0,0.013157894736842105,0.013157894736842105,0.013157894736842105,0.0,0.0,1.0,0.9981750463168207,0.0,0.0,0.0,0.0,0.0,0.25099601593625503,0.25099601593625503,0.25099601593625503,0.0,1.5259021896696422e-05,0.007812619211108568,3.0458554429273168e-05,0.0,0.0,0.5,0.000600210073525734,0.0,0.007812619211108568,0.007812619211108568,0.007812619211108568,0.0,0.0,0.0,0.0,0.0,0.0,0.9980615559312612,0.0,0.0,0.0,1.0,0.004081632653061225,0.038461538461538464,0.0,0.0,0.013157894736842105,0.013157894736842105,0.013157894736842105,0.0,0.0,1.0,0.9978794453305092,0.0,0.0,0.0,0.0,0.0,0.25099601593625503,0.25099601593625503,0.25099601593625503,0.0,1.5259021896696422e-05,0.007812619211108568,3.0458554429273168e-05,0.0,0.0,0.5,0.000600210073525734,0.0,0.007812619211108568,0.007812619211108568,0.007812619211108568,0.0,0.0,0.0,0.0,0.0,0.0,0.4738701611829634,0.0,0.0,0.0,0.0,0.0,0.0,0.0,0.0,0.0,0.0,0.0,0.0,0.0,1.0,0.05204566388634278,0.0,0.0,0.0,0.0,0.0,0.0,0.0,0.0,0.0,0.0,0.0,0.0,0.0,0.007751937984496123,1.0,0.011583011583011584,0.0,0.0,0.0,0.0,0.0,0.0,0.0,0.0,0.0,0.0,0.3999999282951859,0.0,0.0,0.0,0.0,0.0,0.0,0.0,0.0,0.0,0.0,0.0,0.0,0.0,1.0,0.4181818396771064,0.0,0.0,0.0,0.0,0.0,0.0,0.0,0.0,0.0,0.0,0.0,0.0,0.0,0.0004880429477794046,0.0004880429477794046,0.0004880429477794046,0.0,0.0,0.0,0.0,0.0,0.0,0.0,0.0,0.0,0.0,0.4035873256854088,0.0,0.0,0.0,0.0,0.0,0.0,0.0,0.0,0.0,0.0,0.0,0.0,0.0,1.0,0.3383458500601051,0.0,0.0,0.0,0.0,0.0,0.0,0.0,0.0,0.0,0.0,0.0,0.0,0.0,0.0004880429477794046,0.0004880429477794046,0.0004880429477794046,0.0,0.0,0.0,0.0,0.0,0.0,0.0,0.0,0.0,0.0,0.3972808764581525,0.0,0.0,0.0,0.0,0.0,0.0,0.0,0.0,0.0,0.0,0.0,0.0,0.0,1.0,0.3971742349272318,0.0,0.0,0.0,0.0,0.0,0.0,0.0,0.0,0.0,0.0,0.0,0.0,0.0,0.015384615384615384,0.015384615384615384,0.015384615384615384,0.0,0.0,0.0,0.0,0.0,0.0,0.0,0.0,0.0,0.0,0.4304446397887997,0.0,0.0,0.0,0.0,0.0,0.0,0.0,0.0,0.0,0.0,0.0,0.0,0.0,1.0,0.15933779899868294,0.0,0.0,0.0,0.0,0.0,0.0,0.0,0.0,0.0,0.0,0.0,0.0,0.0,0.0004880429477794046,0.000975609756097561,0.0009460737937559131,0.0,0.0,0.0,0.0,0.0,0.0,0.0,0.0,0.0,0.0,0.12059864882165412,0.0,0.0,0.0,0.0,0.0,0.0,0.0,0.0,0.0,0.0,0.0,0.0,0.0,1.0,0.08573221506369715,0.0,0.0,0.0,0.0,0.0,0.0,0.0,0.0,0.0,0.0,0.0,0.0,0.0,0.0004880429477794046,0.0004880429477794046,0.0004880429477794046,0.0,0.0,0.0,0.0,0.0,0.0,0.0,0.0,0.0,0.0,0.4304446397887997,0.0,0.0,0.0,0.0,0.0,0.0,0.0,0.0,0.0,0.0,0.0,0.0,0.0,1.0,0.15933779899868294,0.0,0.0,0.0,0.0,0.0,0.0,0.0,0.0,0.0,0.0,0.0,0.0,0.0,0.015384615384615384,0.015384615384615384,0.015384615384615384,0.0,0.0,0.0,0.0,0.0,0.0,0.0,0.0,0.0,0.0,0.4388617463312292,0.0,0.0,0.0,0.0,0.0,0.0,0.0,0.0,0.0,0.0,0.0,0.0,0.0,1.0,0.397022757408137,0.0,0.0,0.0,0.0,0.0,0.0,0.0,0.0,0.0,0.0,0.0,0.0,0.0,0.0004880429477794046,0.0004880429477794046,0.0004880429477794046,0.0,0.0,0.0,0.0,0.0,0.0,0.0,0.0,0.0,0.0,0.34804636041693005,0.0,0.0,0.0,0.0,0.0,0.0,0.0,0.0,0.0,0.0,0.0,0.0,0.0,1.0,0.397022757408137,0.0,0.0,0.0,0.0,0.0,0.0,0.0,0.0,0.0,0.0,0.0,0.0,0.0,0.0004880429477794046,0.0004880429477794046,0.0004880429477794046,0.0,0.0,0.0,0.0,0.0,0.0,0.0,0.0,0.0,0.0,0.4388617463312292,0.0,0.0,0.0,0.0,0.0,0.0,0.0,0.0,0.0,0.0,0.0,0.0,0.0,1.0,0.07626584627571265,0.0,0.0,0.0,0.0,0.0,0.0,0.0,0.0,0.0,0.0,0.0,0.0,0.0,0.015384615384615384,0.015384615384615384,0.015384615384615384,0.0,0.0,0.0,0.0,0.0,0.0,0.0,0.0,0.0,0.0,6.875481957860777e-06,0.0,0.0,0.0,0.0,0.0,0.0,0.0,0.0,0.0,0.0,0.0,0.0,0.0,1.0,1.5125369929782916e-05,0.0,0.0,0.0,0.0,0.0,0.0,0.0,0.0,0.0,0.0,0.0,0.0,0.0,0.000975609756097561,0.000975609756097561,0.000975609756097561,0.0,0.0,0.0,0.0,0.0,0.0,0.0,0.0,0.0,0.0,5.253377716004288e-06,0.0,0.0,0.0,0.0,0.0,0.0,0.0,0.0,0.0,0.0,0.0,0.0,0.0,1.0,8.75566785736583e-07,0.0,0.0,0.0,0.0,0.0,0.0,0.0,0.0,0.0,0.0,0.0,0.0,0.0,0.000975609756097561,0.000975609756097561,0.000975609756097561,0.0,0.0,0.0,0.0,0.0,0.0,0.0,0.0,0.0,0.0,0.046126234285451234,0.0,0.0,0.0,0.0,0.0,0.0,0.0,0.0,0.0,0.0,0.0,0.0,0.0,1.0,0.1092216985179306,0.0,0.0,0.0,0.0,0.0,0.0,0.0,0.0,0.0,0.0,0.0,0.0,0.0,0.0,0.0,0.0,0.0,0.0,0.0,0.0,0.0,0.0,0.0,0.0,0.0,79
{0.14285714285714285: 1},{0.24583155194527576: 1},{6.413134098634002e-05: 1},{0.0: 1},{0.0: 1},{0.0: 1},{0.0: 1},{0.0: 1},{0.0: 1},{0.0: 1},{0.0: 1},{0.0: 1},{0.0: 1},{0.0: 1},0.0,9.387092246315848e-05,0.0,0.0,0.0,0.2,0.001404494382022472,0.038461538461538464,0.0,0.0,0.0044014084507042256,0.013157894736842105,0.010416666666666666,0.0,0.0,1.0,0.00018772422308032768,0.0,0.0,0.0,0.0,0.0,0.25099601593625503,0.25099601593625503,0.25099601593625503,0.0,1.5259021896696422e-05,0.007812619211108568,3.0458554429273168e-05,0.0,0.0,0.5,0.00026647166724505473,0.0,0.007812619211108568,0.007812619211108568,0.007812619211108568,0.0,0.0,0.0,0.0,0.0,0.0,8.786424881147205e-05,0.0,0.0,0.0,0.2,0.001404494382022472,0.038461538461538464,0.0,0.0,0.012978142076502731,0.013157894736842105,0.013157894736842105,0.0,0.0,1.0,0.00016059615965930319,0.0,0.0,0.0,0.0,0.0,0.25099601593625503,0.25099601593625503,0.25099601593625503,0.0,1.5259021896696422e-05,0.007812619211108568,3.0458554429273168e-05,0.0,0.0,0.5,0.00026647166724505473,0.0,0.007812619211108568,0.007812619211108568,0.007812619211108568,0.0,0.0,0.0,0.0,0.0,0.0,0.461915139612926,0.0,0.0,0.0,0.0,0.0,0.0,0.0,0.0,0.0,0.0,0.0,0.0,0.0,1.0,0.22474872772791954,0.0,0.0,0.0,0.0,0.0,0.0,0.0,0.0,0.0,0.0,0.0,0.0,0.0,0.015384615384615384,1.0,0.016897081413210446,0.0,0.0,0.0,0.0,0.0,0.0,0.0,0.0,0.0,0.0,0.9981750463168207,0.0,0.0,0.0,1.0,0.004081632653061225,0.038461538461538464,0.0,0.0,0.013157894736842105,0.013157894736842105,0.013157894736842105,0.0,0.0,1.0,0.9981750463168207,0.0,0.0,0.0,0.0,0.0,0.25099601593625503,0.25099601593625503,0.25099601593625503,0.0,1.5259021896696422e-05,0.007812619211108568,3.0458554429273168e-05,0.0,0.0,0.5,0.000600210073525734,0.0,0.007812619211108568,0.007812619211108568,0.007812619211108568,0.0,0.0,0.0,0.0,0.0,0.0,0.9980615559312612,0.0,0.0,0.0,1.0,0.004081632653061225,0.038461538461538464,0.0,0.0,0.013157894736842105,0.013157894736842105,0.013157894736842105,0.0,0.0,1.0,0.9978794453305092,0.0,0.0,0.0,0.0,0.0,0.25099601593625503,0.25099601593625503,0.25099601593625503,0.0,1.5259021896696422e-05,0.007812619211108568,3.0458554429273168e-05,0.0,0.0,0.5,0.000600210073525734,0.0,0.007812619211108568,0.007812619211108568,0.007812619211108568,0.0,0.0,0.0,0.0,0.0,0.0,0.4738701611829634,0.0,0.0,0.0,0.0,0.0,0.0,0.0,0.0,0.0,0.0,0.0,0.0,0.0,1.0,0.05204566388634278,0.0,0.0,0.0,0.0,0.0,0.0,0.0,0.0,0.0,0.0,0.0,0.0,0.0,0.007751937984496123,1.0,0.011583011583011584,0.0,0.0,0.0,0.0,0.0,0.0,0.0,0.0,0.0,0.0,0.3999999282951859,0.0,0.0,0.0,0.0,0.0,0.0,0.0,0.0,0.0,0.0,0.0,0.0,0.0,1.0,0.4181818396771064,0.0,0.0,0.0,0.0,0.0,0.0,0.0,0.0,0.0,0.0,0.0,0.0,0.0,0.0004880429477794046,0.0004880429477794046,0.0004880429477794046,0.0,0.0,0.0,0.0,0.0,0.0,0.0,0.0,0.0,0.0,0.4035873256854088,0.0,0.0,0.0,0.0,0.0,0.0,0.0,0.0,0.0,0.0,0.0,0.0,0.0,1.0,0.3383458500601051,0.0,0.0,0.0,0.0,0.0,0.0,0.0,0.0,0.0,0.0,0.0,0.0,0.0,0.0004880429477794046,0.0004880429477794046,0.0004880429477794046,0.0,0.0,0.0,0.0,0.0,0.0,0.0,0.0,0.0,0.0,0.3972808764581525,0.0,0.0,0.0,0.0,0.0,0.0,0.0,0.0,0.0,0.0,0.0,0.0,0.0,1.0,0.3971742349272318,0.0,0.0,0.0,0.0,0.0,0.0,0.0,0.0,0.0,0.0,0.0,0.0,0.0,0.015384615384615384,0.015384615384615384,0.015384615384615384,0.0,0.0,0.0,0.0,0.0,0.0,0.0,0.0,0.0,0.0,0.4304446397887997,0.0,0.0,0.0,0.0,0.0,0.0,0.0,0.0,0.0,0.0,0.0,0.0,0.0,1.0,0.15933779899868294,0.0,0.0,0.0,0.0,0.0,0.0,0.0,0.0,0.0,0.0,0.0,0.0,0.0,0.0004880429477794046,0.000975609756097561,0.0009460737937559131,0.0,0.0,0.0,0.0,0.0,0.0,0.0,0.0,0.0,0.0,0.12059864882165412,0.0,0.0,0.0,0.0,0.0,0.0,0.0,0.0,0.0,0.0,0.0,0.0,0.0,1.0,0.08573221506369715,0.0,0.0,0.0,0.0,0.0,0.0,0.0,0.0,0.0,0.0,0.0,0.0,0.0,0.0004880429477794046,0.0004880429477794046,0.0004880429477794046,0.0,0.0,0.0,0.0,0.0,0.0,0.0,0.0,0.0,0.0,0.4304446397887997,0.0,0.0,0.0,0.0,0.0,0.0,0.0,0.0,0.0,0.0,0.0,0.0,0.0,1.0,0.15933779899868294,0.0,0.0,0.0,0.0,0.0,0.0,0.0,0.0,0.0,0.0,0.0,0.0,0.0,0.015384615384615384,0.015384615384615384,0.015384615384615384,0.0,0.0,0.0,0.0,0.0,0.0,0.0,0.0,0.0,0.0,0.4388617463312292,0.0,0.0,0.0,0.0,0.0,0.0,0.0,0.0,0.0,0.0,0.0,0.0,0.0,1.0,0.397022757408137,0.0,0.0,0.0,0.0,0.0,0.0,0.0,0.0,0.0,0.0,0.0,0.0,0.0,0.0004880429477794046,0.0004880429477794046,0.0004880429477794046,0.0,0.0,0.0,0.0,0.0,0.0,0.0,0.0,0.0,0.0,0.34804636041693005,0.0,0.0,0.0,0.0,0.0,0.0,0.0,0.0,0.0,0.0,0.0,0.0,0.0,1.0,0.397022757408137,0.0,0.0,0.0,0.0,0.0,0.0,0.0,0.0,0.0,0.0,0.0,0.0,0.0,0.0004880429477794046,0.0004880429477794046,0.0004880429477794046,0.0,0.0,0.0,0.0,0.0,0.0,0.0,0.0,0.0,0.0,0.4388617463312292,0.0,0.0,0.0,0.0,0.0,0.0,0.0,0.0,0.0,0.0,0.0,0.0,0.0,1.0,0.07626584627571265,0.0,0.0,0.0,0.0,0.0,0.0,0.0,0.0,0.0,0.0,0.0,0.0,0.0,0.015384615384615384,0.015384615384615384,0.015384615384615384,0.0,0.0,0.0,0.0,0.0,0.0,0.0,0.0,0.0,0.0,6.875481957860777e-06,0.0,0.0,0.0,0.0,0.0,0.0,0.0,0.0,0.0,0.0,0.0,0.0,0.0,1.0,1.5125369929782916e-05,0.0,0.0,0.0,0.0,0.0,0.0,0.0,0.0,0.0,0.0,0.0,0.0,0.0,0.000975609756097561,0.000975609756097561,0.000975609756097561,0.0,0.0,0.0,0.0,0.0,0.0,0.0,0.0,0.0,0.0,5.253377716004288e-06,0.0,0.0,0.0,0.0,0.0,0.0,0.0,0.0,0.0,0.0,0.0,0.0,0.0,1.0,8.75566785736583e-07,0.0,0.0,0.0,0.0,0.0,0.0,0.0,0.0,0.0,0.0,0.0,0.0,0.0,0.000975609756097561,0.000975609756097561,0.000975609756097561,0.0,0.0,0.0,0.0,0.0,0.0,0.0,0.0,0.0,0.0,0.046126234285451234,0.0,0.0,0.0,0.0,0.0,0.0,0.0,0.0,0.0,0.0,0.0,0.0,0.0,1.0,0.1092216985179306,0.0,0.0,0.0,0.0,0.0,0.0,0.0,0.0,0.0,0.0,0.0,0.0,0.0,0.0,0.0,0.0,0.0,0.0,0.0,0.0,0.0,0.0,0.0,0.0,0.0,79
{0.14285714285714285: 1},{0.24447769702151917: 1},{6.413134098634002e-05: 1},{0.0: 1},{0.0: 1},{0.0: 1},{0.0: 1},{0.0: 1},{0.0: 1},{0.0: 1},{0.0: 1},{0.0: 1},{0.0: 1},{0.0: 1},0.0,9.387092246315848e-05,0.0,0.0,0.0,0.2,0.001404494382022472,0.038461538461538464,0.0,0.0,0.0044014084507042256,0.013157894736842105,0.010416666666666666,0.0,0.0,1.0,0.00018772422308032768,0.0,0.0,0.0,0.0,0.0,0.25099601593625503,0.25099601593625503,0.25099601593625503,0.0,1.5259021896696422e-05,0.007812619211108568,3.0458554429273168e-05,0.0,0.0,0.5,0.00026647166724505473,0.0,0.007812619211108568,0.007812619211108568,0.007812619211108568,0.0,0.0,0.0,0.0,0.0,0.0,8.786424881147205e-05,0.0,0.0,0.0,0.2,0.001404494382022472,0.038461538461538464,0.0,0.0,0.012978142076502731,0.013157894736842105,0.013157894736842105,0.0,0.0,1.0,0.00016059615965930319,0.0,0.0,0.0,0.0,0.0,0.25099601593625503,0.25099601593625503,0.25099601593625503,0.0,1.5259021896696422e-05,0.007812619211108568,3.0458554429273168e-05,0.0,0.0,0.5,0.00026647166724505473,0.0,0.007812619211108568,0.007812619211108568,0.007812619211108568,0.0,0.0,0.0,0.0,0.0,0.0,0.461915139612926,0.0,0.0,0.0,0.0,0.0,0.0,0.0,0.0,0.0,0.0,0.0,0.0,0.0,1.0,0.22474872772791954,0.0,0.0,0.0,0.0,0.0,0.0,0.0,0.0,0.0,0.0,0.0,0.0,0.0,0.015384615384615384,1.0,0.016897081413210446,0.0,0.0,0.0,0.0,0.0,0.0,0.0,0.0,0.0,0.0,0.9981750463168207,0.0,0.0,0.0,1.0,0.004081632653061225,0.038461538461538464,0.0,0.0,0.013157894736842105,0.013157894736842105,0.013157894736842105,0.0,0.0,1.0,0.9981750463168207,0.0,0.0,0.0,0.0,0.0,0.25099601593625503,0.25099601593625503,0.25099601593625503,0.0,1.5259021896696422e-05,0.007812619211108568,3.0458554429273168e-05,0.0,0.0,0.5,0.000600210073525734,0.0,0.007812619211108568,0.007812619211108568,0.007812619211108568,0.0,0.0,0.0,0.0,0.0,0.0,0.9980615559312612,0.0,0.0,0.0,1.0,0.004081632653061225,0.038461538461538464,0.0,0.0,0.013157894736842105,0.013157894736842105,0.013157894736842105,0.0,0.0,1.0,0.9978794453305092,0.0,0.0,0.0,0.0,0.0,0.25099601593625503,0.25099601593625503,0.25099601593625503,0.0,1.5259021896696422e-05,0.007812619211108568,3.0458554429273168e-05,0.0,0.0,0.5,0.000600210073525734,0.0,0.007812619211108568,0.007812619211108568,0.007812619211108568,0.0,0.0,0.0,0.0,0.0,0.0,0.4738701611829634,0.0,0.0,0.0,0.0,0.0,0.0,0.0,0.0,0.0,0.0,0.0,0.0,0.0,1.0,0.05204566388634278,0.0,0.0,0.0,0.0,0.0,0.0,0.0,0.0,0.0,0.0,0.0,0.0,0.0,0.007751937984496123,1.0,0.011583011583011584,0.0,0.0,0.0,0.0,0.0,0.0,0.0,0.0,0.0,0.0,0.3999999282951859,0.0,0.0,0.0,0.0,0.0,0.0,0.0,0.0,0.0,0.0,0.0,0.0,0.0,1.0,0.4181818396771064,0.0,0.0,0.0,0.0,0.0,0.0,0.0,0.0,0.0,0.0,0.0,0.0,0.0,0.0004880429477794046,0.0004880429477794046,0.0004880429477794046,0.0,0.0,0.0,0.0,0.0,0.0,0.0,0.0,0.0,0.0,0.4035873256854088,0.0,0.0,0.0,0.0,0.0,0.0,0.0,0.0,0.0,0.0,0.0,0.0,0.0,1.0,0.3383458500601051,0.0,0.0,0.0,0.0,0.0,0.0,0.0,0.0,0.0,0.0,0.0,0.0,0.0,0.0004880429477794046,0.0004880429477794046,0.0004880429477794046,0.0,0.0,0.0,0.0,0.0,0.0,0.0,0.0,0.0,0.0,0.3972808764581525,0.0,0.0,0.0,0.0,0.0,0.0,0.0,0.0,0.0,0.0,0.0,0.0,0.0,1.0,0.3971742349272318,0.0,0.0,0.0,0.0,0.0,0.0,0.0,0.0,0.0,0.0,0.0,0.0,0.0,0.015384615384615384,0.015384615384615384,0.015384615384615384,0.0,0.0,0.0,0.0,0.0,0.0,0.0,0.0,0.0,0.0,0.4304446397887997,0.0,0.0,0.0,0.0,0.0,0.0,0.0,0.0,0.0,0.0,0.0,0.0,0.0,1.0,0.15933779899868294,0.0,0.0,0.0,0.0,0.0,0.0,0.0,0.0,0.0,0.0,0.0,0.0,0.0,0.0004880429477794046,0.000975609756097561,0.0009460737937559131,0.0,0.0,0.0,0.0,0.0,0.0,0.0,0.0,0.0,0.0,0.12059864882165412,0.0,0.0,0.0,0.0,0.0,0.0,0.0,0.0,0.0,0.0,0.0,0.0,0.0,1.0,0.08573221506369715,0.0,0.0,0.0,0.0,0.0,0.0,0.0,0.0,0.0,0.0,0.0,0.0,0.0,0.0004880429477794046,0.0004880429477794046,0.0004880429477794046,0.0,0.0,0.0,0.0,0.0,0.0,0.0,0.0,0.0,0.0,0.4304446397887997,0.0,0.0,0.0,0.0,0.0,0.0,0.0,0.0,0.0,0.0,0.0,0.0,0.0,1.0,0.15933779899868294,0.0,0.0,0.0,0.0,0.0,0.0,0.0,0.0,0.0,0.0,0.0,0.0,0.0,0.015384615384615384,0.015384615384615384,0.015384615384615384,0.0,0.0,0.0,0.0,0.0,0.0,0.0,0.0,0.0,0.0,0.4388617463312292,0.0,0.0,0.0,0.0,0.0,0.0,0.0,0.0,0.0,0.0,0.0,0.0,0.0,1.0,0.397022757408137,0.0,0.0,0.0,0.0,0.0,0.0,0.0,0.0,0.0,0.0,0.0,0.0,0.0,0.0004880429477794046,0.0004880429477794046,0.0004880429477794046,0.0,0.0,0.0,0.0,0.0,0.0,0.0,0.0,0.0,0.0,0.34804636041693005,0.0,0.0,0.0,0.0,0.0,0.0,0.0,0.0,0.0,0.0,0.0,0.0,0.0,1.0,0.397022757408137,0.0,0.0,0.0,0.0,0.0,0.0,0.0,0.0,0.0,0.0,0.0,0.0,0.0,0.0004880429477794046,0.0004880429477794046,0.0004880429477794046,0.0,0.0,0.0,0.0,0.0,0.0,0.0,0.0,0.0,0.0,0.4388617463312292,0.0,0.0,0.0,0.0,0.0,0.0,0.0,0.0,0.0,0.0,0.0,0.0,0.0,1.0,0.07626584627571265,0.0,0.0,0.0,0.0,0.0,0.0,0.0,0.0,0.0,0.0,0.0,0.0,0.0,0.015384615384615384,0.015384615384615384,0.015384615384615384,0.0,0.0,0.0,0.0,0.0,0.0,0.0,0.0,0.0,0.0,6.875481957860777e-06,0.0,0.0,0.0,0.0,0.0,0.0,0.0,0.0,0.0,0.0,0.0,0.0,0.0,1.0,1.5125369929782916e-05,0.0,0.0,0.0,0.0,0.0,0.0,0.0,0.0,0.0,0.0,0.0,0.0,0.0,0.000975609756097561,0.000975609756097561,0.000975609756097561,0.0,0.0,0.0,0.0,0.0,0.0,0.0,0.0,0.0,0.0,5.253377716004288e-06,0.0,0.0,0.0,0.0,0.0,0.0,0.0,0.0,0.0,0.0,0.0,0.0,0.0,1.0,8.75566785736583e-07,0.0,0.0,0.0,0.0,0.0,0.0,0.0,0.0,0.0,0.0,0.0,0.0,0.0,0.000975609756097561,0.000975609756097561,0.000975609756097561,0.0,0.0,0.0,0.0,0.0,0.0,0.0,0.0,0.0,0.0,0.046126234285451234,0.0,0.0,0.0,0.0,0.0,0.0,0.0,0.0,0.0,0.0,0.0,0.0,0.0,1.0,0.1092216985179306,0.0,0.0,0.0,0.0,0.0,0.0,0.0,0.0,0.0,0.0,0.0,0.0,0.0,0.0,0.0,0.0,0.0,0.0,0.0,0.0,0.0,0.0,0.0,0.0,0.0,79
{0.14285714285714285: 1},{0.23963232150491662: 1},{6.413134098634002e-05: 1},{0.0: 1},{0.0: 1},{0.0: 1},{0.0: 1},{0.0: 1},{0.0: 1},{0.0: 1},{0.0: 1},{0.0: 1},{0.0: 1},{0.0: 1},0.0,9.387092246315848e-05,0.0,0.0,0.0,0.2,0.001404494382022472,0.038461538461538464,0.0,0.0,0.0044014084507042256,0.013157894736842105,0.010416666666666666,0.0,0.0,1.0,0.00018772422308032768,0.0,0.0,0.0,0.0,0.0,0.25099601593625503,0.25099601593625503,0.25099601593625503,0.0,1.5259021896696422e-05,0.007812619211108568,3.0458554429273168e-05,0.0,0.0,0.5,0.00026647166724505473,0.0,0.007812619211108568,0.007812619211108568,0.007812619211108568,0.0,0.0,0.0,0.0,0.0,0.0,8.786424881147205e-05,0.0,0.0,0.0,0.2,0.001404494382022472,0.038461538461538464,0.0,0.0,0.012978142076502731,0.013157894736842105,0.013157894736842105,0.0,0.0,1.0,0.00016059615965930319,0.0,0.0,0.0,0.0,0.0,0.25099601593625503,0.25099601593625503,0.25099601593625503,0.0,1.5259021896696422e-05,0.007812619211108568,3.0458554429273168e-05,0.0,0.0,0.5,0.00026647166724505473,0.0,0.007812619211108568,0.007812619211108568,0.007812619211108568,0.0,0.0,0.0,0.0,0.0,0.0,0.461915139612926,0.0,0.0,0.0,0.0,0.0,0.0,0.0,0.0,0.0,0.0,0.0,0.0,0.0,1.0,0.22474872772791954,0.0,0.0,0.0,0.0,0.0,0.0,0.0,0.0,0.0,0.0,0.0,0.0,0.0,0.015384615384615384,1.0,0.016897081413210446,0.0,0.0,0.0,0.0,0.0,0.0,0.0,0.0,0.0,0.0,0.9981750463168207,0.0,0.0,0.0,1.0,0.004081632653061225,0.038461538461538464,0.0,0.0,0.013157894736842105,0.013157894736842105,0.013157894736842105,0.0,0.0,1.0,0.9981750463168207,0.0,0.0,0.0,0.0,0.0,0.25099601593625503,0.25099601593625503,0.25099601593625503,0.0,1.5259021896696422e-05,0.007812619211108568,3.0458554429273168e-05,0.0,0.0,0.5,0.000600210073525734,0.0,0.007812619211108568,0.007812619211108568,0.007812619211108568,0.0,0.0,0.0,0.0,0.0,0.0,0.9980615559312612,0.0,0.0,0.0,1.0,0.004081632653061225,0.038461538461538464,0.0,0.0,0.013157894736842105,0.013157894736842105,0.013157894736842105,0.0,0.0,1.0,0.9978794453305092,0.0,0.0,0.0,0.0,0.0,0.25099601593625503,0.25099601593625503,0.25099601593625503,0.0,1.5259021896696422e-05,0.007812619211108568,3.0458554429273168e-05,0.0,0.0,0.5,0.000600210073525734,0.0,0.007812619211108568,0.007812619211108568,0.007812619211108568,0.0,0.0,0.0,0.0,0.0,0.0,0.4738701611829634,0.0,0.0,0.0,0.0,0.0,0.0,0.0,0.0,0.0,0.0,0.0,0.0,0.0,1.0,0.05204566388634278,0.0,0.0,0.0,0.0,0.0,0.0,0.0,0.0,0.0,0.0,0.0,0.0,0.0,0.007751937984496123,1.0,0.011583011583011584,0.0,0.0,0.0,0.0,0.0,0.0,0.0,0.0,0.0,0.0,0.3999999282951859,0.0,0.0,0.0,0.0,0.0,0.0,0.0,0.0,0.0,0.0,0.0,0.0,0.0,1.0,0.4181818396771064,0.0,0.0,0.0,0.0,0.0,0.0,0.0,0.0,0.0,0.0,0.0,0.0,0.0,0.0004880429477794046,0.0004880429477794046,0.0004880429477794046,0.0,0.0,0.0,0.0,0.0,0.0,0.0,0.0,0.0,0.0,0.4035873256854088,0.0,0.0,0.0,0.0,0.0,0.0,0.0,0.0,0.0,0.0,0.0,0.0,0.0,1.0,0.3383458500601051,0.0,0.0,0.0,0.0,0.0,0.0,0.0,0.0,0.0,0.0,0.0,0.0,0.0,0.0004880429477794046,0.0004880429477794046,0.0004880429477794046,0.0,0.0,0.0,0.0,0.0,0.0,0.0,0.0,0.0,0.0,0.3972808764581525,0.0,0.0,0.0,0.0,0.0,0.0,0.0,0.0,0.0,0.0,0.0,0.0,0.0,1.0,0.3971742349272318,0.0,0.0,0.0,0.0,0.0,0.0,0.0,0.0,0.0,0.0,0.0,0.0,0.0,0.015384615384615384,0.015384615384615384,0.015384615384615384,0.0,0.0,0.0,0.0,0.0,0.0,0.0,0.0,0.0,0.0,0.4304446397887997,0.0,0.0,0.0,0.0,0.0,0.0,0.0,0.0,0.0,0.0,0.0,0.0,0.0,1.0,0.15933779899868294,0.0,0.0,0.0,0.0,0.0,0.0,0.0,0.0,0.0,0.0,0.0,0.0,0.0,0.0004880429477794046,0.000975609756097561,0.0009460737937559131,0.0,0.0,0.0,0.0,0.0,0.0,0.0,0.0,0.0,0.0,0.12059864882165412,0.0,0.0,0.0,0.0,0.0,0.0,0.0,0.0,0.0,0.0,0.0,0.0,0.0,1.0,0.08573221506369715,0.0,0.0,0.0,0.0,0.0,0.0,0.0,0.0,0.0,0.0,0.0,0.0,0.0,0.0004880429477794046,0.0004880429477794046,0.0004880429477794046,0.0,0.0,0.0,0.0,0.0,0.0,0.0,0.0,0.0,0.0,0.4304446397887997,0.0,0.0,0.0,0.0,0.0,0.0,0.0,0.0,0.0,0.0,0.0,0.0,0.0,1.0,0.15933779899868294,0.0,0.0,0.0,0.0,0.0,0.0,0.0,0.0,0.0,0.0,0.0,0.0,0.0,0.015384615384615384,0.015384615384615384,0.015384615384615384,0.0,0.0,0.0,0.0,0.0,0.0,0.0,0.0,0.0,0.0,0.4388617463312292,0.0,0.0,0.0,0.0,0.0,0.0,0.0,0.0,0.0,0.0,0.0,0.0,0.0,1.0,0.397022757408137,0.0,0.0,0.0,0.0,0.0,0.0,0.0,0.0,0.0,0.0,0.0,0.0,0.0,0.0004880429477794046,0.0004880429477794046,0.0004880429477794046,0.0,0.0,0.0,0.0,0.0,0.0,0.0,0.0,0.0,0.0,0.34804636041693005,0.0,0.0,0.0,0.0,0.0,0.0,0.0,0.0,0.0,0.0,0.0,0.0,0.0,1.0,0.397022757408137,0.0,0.0,0.0,0.0,0.0,0.0,0.0,0.0,0.0,0.0,0.0,0.0,0.0,0.0004880429477794046,0.0004880429477794046,0.0004880429477794046,0.0,0.0,0.0,0.0,0.0,0.0,0.0,0.0,0.0,0.0,0.4388617463312292,0.0,0.0,0.0,0.0,0.0,0.0,0.0,0.0,0.0,0.0,0.0,0.0,0.0,1.0,0.07626584627571265,0.0,0.0,0.0,0.0,0.0,0.0,0.0,0.0,0.0,0.0,0.0,0.0,0.0,0.015384615384615384,0.015384615384615384,0.015384615384615384,0.0,0.0,0.0,0.0,0.0,0.0,0.0,0.0,0.0,0.0,6.875481957860777e-06,0.0,0.0,0.0,0.0,0.0,0.0,0.0,0.0,0.0,0.0,0.0,0.0,0.0,1.0,1.5125369929782916e-05,0.0,0.0,0.0,0.0,0.0,0.0,0.0,0.0,0.0,0.0,0.0,0.0,0.0,0.000975609756097561,0.000975609756097561,0.000975609756097561,0.0,0.0,0.0,0.0,0.0,0.0,0.0,0.0,0.0,0.0,5.253377716004288e-06,0.0,0.0,0.0,0.0,0.0,0.0,0.0,0.0,0.0,0.0,0.0,0.0,0.0,1.0,8.75566785736583e-07,0.0,0.0,0.0,0.0,0.0,0.0,0.0,0.0,0.0,0.0,0.0,0.0,0.0,0.000975609756097561,0.000975609756097561,0.000975609756097561,0.0,0.0,0.0,0.0,0.0,0.0,0.0,0.0,0.0,0.0,0.046126234285451234,0.0,0.0,0.0,0.0,0.0,0.0,0.0,0.0,0.0,0.0,0.0,0.0,0.0,1.0,0.1092216985179306,0.0,0.0,0.0,0.0,0.0,0.0,0.0,0.0,0.0,0.0,0.0,0.0,0.0,0.0,0.0,0.0,0.0,0.0,0.0,0.0,0.0,0.0,0.0,0.0,0.0,79
